
[49;39m                   [38;2;12;8;10m▄[48;2;26;42;62m▀[48;2;8;6;14;38;2;26;20;50m▀[48;2;58;58;62;38;2;26;42;62m▀[48;2;8;6;14;38;2;26;20;50m▀[48;2;58;58;62;38;2;26;42;62m▀[48;2;26;42;62;38;2;12;8;10m▀[49m▄[39m                     [0m
[49;39m                  [48;2;12;8;10;38;2;12;8;10m▀[48;2;26;20;50;38;2;26;20;50m▀[48;2;8;6;14;38;2;26;42;62m▀[38;2;8;6;14m▀[48;2;26;42;62;38;2;26;42;62m▀[48;2;8;6;14;38;2;8;6;14m▀[48;2;26;42;62;38;2;58;58;62m▀[48;2;8;6;14;38;2;26;42;62m▀[48;2;26;42;62;38;2;26;20;50m▀[48;2;12;8;10;38;2;12;8;10m▀[49;39m                    [0m
[49;39m                [48;2;10;6;8;38;2;12;8;10m▀[48;2;54;50;44m▀[48;2;26;20;50;38;2;8;6;14m▀▀[48;2;54;50;44;38;2;54;50;44m▀[48;2;58;58;62;38;2;26;20;50m▀[48;2;8;6;14;38;2;8;6;14m▀[48;2;26;20;50m▀[48;2;58;58;62;38;2;26;20;50m▀[48;2;54;50;44;38;2;54;50;44m▀[48;2;26;20;50;38;2;8;6;14m▀[48;2;42;18;12m▀[48;2;54;50;44;38;2;12;8;10m▀[48;2;10;6;8m▀[49;39m                  [0m
[49;39m               [38;2;12;8;10m▄[48;2;8;6;14;38;2;10;6;8m▀[48;2;14;12;32m▀[48;2;8;6;14;38;2;44;36;22m▀[38;2;8;6;14m▀[48;2;26;20;50m▀[48;2;8;6;14;38;2;54;50;44m▀[48;2;44;36;22m▀▀[48;2;8;6;14m▀[48;2;26;20;50;38;2;8;6;14m▀[48;2;8;6;14m▀[38;2;44;36;22m▀[38;2;8;6;14m▀[48;2;26;20;50;38;2;26;42;62m▀[48;2;12;8;10;38;2;12;8;10m▀[49;39m                 [0m
[49;39m              [48;2;10;6;8;38;2;10;6;8m▀[48;2;14;12;32;38;2;14;12;32m▀▀▀▀[38;2;8;6;14m▀[38;2;42;18;12m▀[48;2;8;6;14;38;2;54;50;44m▀▀▀▀[38;2;42;18;12m▀[48;2;14;12;32;38;2;8;6;14m▀▀[48;2;8;6;14m▀▀[48;2;26;42;62;38;2;26;42;62m▀[48;2;12;8;10;38;2;12;8;10m▀[49;39m                [0m
[49;39m              [48;2;10;6;8;38;2;10;6;8m▀[48;2;8;6;14;38;2;14;12;32m▀[48;2;14;12;32m▀▀[48;2;8;6;14m▀[48;2;14;12;32m▀▀▀▀▀▀▀[38;2;8;6;14m▀[48;2;8;6;14;38;2;14;12;32m▀[48;2;14;12;32m▀[48;2;8;6;14;38;2;8;6;14m▀[48;2;10;6;8;38;2;10;6;8m▀[49;38;2;12;8;10m▀[39m                [0m
[49;39m               [48;2;10;6;8;38;2;10;6;8m▀[48;2;14;12;32;38;2;14;12;32m▀▀[48;2;8;6;14;38;2;8;6;14m▀▀[48;2;14;12;32;38;2;14;12;32m▀[48;2;8;6;14m▀▀[48;2;14;12;32m▀▀▀▀[48;2;8;6;14m▀[48;2;14;12;32m▀[48;2;8;6;14;38;2;8;6;14m▀[49;38;2;10;6;8m▀[39m                 [0m
[49;39m               [48;2;10;6;8;38;2;10;6;8m▀[48;2;14;12;32;38;2;14;12;32m▀▀[38;2;8;6;14m▀[48;2;8;6;14m▀▀[48;2;14;12;32;38;2;14;12;32m▀[48;2;8;6;14;38;2;8;6;14m▀▀[38;2;14;12;32m▀[38;2;8;6;14m▀▀[48;2;14;12;32;38;2;14;12;32m▀[48;2;10;6;8;38;2;10;6;8m▀[49;39m                   [0m
[49;39m               [48;2;10;6;8;38;2;10;6;8m▀[48;2;14;12;32;38;2;14;12;32m▀▀▀[38;2;8;6;14m▀[48;2;8;6;14m▀▀[38;2;14;12;32m▀[48;2;14;12;32;38;2;8;6;14m▀▀[48;2;8;6;14m▀▀[38;2;14;12;32m▀[48;2;10;6;8;38;2;10;6;8m▀[49;39m                   [0m
[49;39m               [48;2;10;6;8;38;2;10;6;8m▀[48;2;14;12;32;38;2;14;12;32m▀▀▀▀▀[48;2;8;6;14;38;2;8;6;14m▀▀[38;2;14;12;32m▀[48;2;14;12;32m▀▀[38;2;8;6;14m▀▀[48;2;10;6;8;38;2;10;6;8m▀[49;39m                   [0m
[49;39m               [48;2;10;6;8;38;2;10;6;8m▀[48;2;14;12;32;38;2;14;12;32m▀▀▀▀▀▀[38;2;8;6;14m▀[48;2;8;6;14m▀[38;2;14;12;32m▀[48;2;14;12;32m▀▀▀[38;2;10;6;8m▀[49m▄[39m                  [0m
[49;39m               [38;2;12;8;10m▀[48;2;12;8;10;38;2;14;12;32m▀[48;2;14;12;32m▀▀▀▀▀▀▀[38;2;8;6;14m▀[48;2;8;6;14m▀[48;2;14;12;32;38;2;14;12;32m▀▀▀▀[48;2;10;6;8;38;2;12;8;10m▀[49;39m                 [0m
[49;39m                [48;2;12;8;10;38;2;10;6;8m▀[48;2;14;12;32;38;2;14;12;32m▀▀▀[48;2;8;6;14m▀[38;2;8;6;14m▀[48;2;32;8;20m▀[48;2;8;6;14m▀▀[38;2;14;12;32m▀[38;2;8;6;14m▀[38;2;14;12;32m▀[48;2;14;12;32m▀▀[48;2;10;6;8;38;2;10;6;8m▀[49;39m                 [0m
[49;39m                 [38;2;10;6;8m▀[48;2;8;6;14;38;2;8;6;14m▀[48;2;42;18;12m▀[48;2;52;34;14;38;2;42;18;12m▀▀[48;2;42;18;12;38;2;8;6;14m▀[48;2;8;6;14m▀[48;2;42;18;12m▀[48;2;8;6;14m▀▀[48;2;14;12;32m▀[38;2;14;12;32m▀[48;2;10;6;8m▀[49;38;2;12;8;10m▀[39m                 [0m
[49;39m                [38;2;12;8;10m▄[48;2;10;6;8m▀[38;2;8;6;14m▀[48;2;42;18;12;38;2;10;6;8m▀[48;2;52;34;14;38;2;42;18;12m▀[38;2;32;8;20m▀[48;2;42;18;12;38;2;10;6;8m▀[48;2;10;6;8;38;2;8;6;14m▀[38;2;42;18;12m▀▀[38;2;8;6;14m▀[38;2;14;12;32m▀▀[49;38;2;12;8;10m▀[39m                  [0m
[49;39m                [38;2;12;8;10m▀[48;2;12;8;10;38;2;10;6;8m▀▀[48;2;52;34;14;38;2;42;18;12m▀[38;2;52;34;14m▀[48;2;42;18;12m▀[48;2;10;6;8;38;2;42;18;12m▀[38;2;10;6;8m▀▀[48;2;12;8;10m▀▀[49;38;2;12;8;10m▀[39m                    [0m
[16A[49;39m                   [38;2;24;16;20m▄[48;2;51;83;123m▀[48;2;16;12;28;38;2;51;40;99m▀[48;2;115;115;123;38;2;51;83;123m▀[48;2;16;12;28;38;2;51;40;99m▀[48;2;115;115;123;38;2;51;83;123m▀[48;2;51;83;123;38;2;24;16;20m▀[49m▄[39m                     [0m
[49;39m                  [48;2;24;16;20;38;2;24;16;20m▀[48;2;51;40;99;38;2;51;40;99m▀[48;2;16;12;28;38;2;51;83;123m▀[38;2;16;12;28m▀[48;2;51;83;123;38;2;51;83;123m▀[48;2;16;12;28;38;2;16;12;28m▀[48;2;51;83;123;38;2;115;115;123m▀[48;2;16;12;28;38;2;51;83;123m▀[48;2;51;83;123;38;2;51;40;99m▀[48;2;24;16;20;38;2;24;16;20m▀[49;39m                    [0m
[49;39m                [48;2;20;12;16;38;2;24;16;20m▀[48;2;107;99;87m▀[48;2;51;40;99;38;2;16;12;28m▀▀[48;2;107;99;87;38;2;107;99;87m▀[48;2;115;115;123;38;2;51;40;99m▀[48;2;16;12;28;38;2;16;12;28m▀[48;2;51;40;99m▀[48;2;115;115;123;38;2;51;40;99m▀[48;2;107;99;87;38;2;107;99;87m▀[48;2;51;40;99;38;2;16;12;28m▀[48;2;83;36;24m▀[48;2;107;99;87;38;2;24;16;20m▀[48;2;20;12;16m▀[49;39m                  [0m
[49;39m               [38;2;24;16;20m▄[48;2;16;12;28;38;2;20;12;16m▀[48;2;28;24;63m▀[48;2;16;12;28;38;2;87;71;43m▀[38;2;16;12;28m▀[48;2;51;40;99m▀[48;2;16;12;28;38;2;107;99;87m▀[48;2;87;71;43m▀▀[48;2;16;12;28m▀[48;2;51;40;99;38;2;16;12;28m▀[48;2;16;12;28m▀[38;2;87;71;43m▀[38;2;16;12;28m▀[48;2;51;40;99;38;2;51;83;123m▀[48;2;24;16;20;38;2;24;16;20m▀[49;39m                 [0m
[49;39m              [48;2;20;12;16;38;2;20;12;16m▀[48;2;28;24;63;38;2;28;24;63m▀▀▀▀[38;2;16;12;28m▀[38;2;83;36;24m▀[48;2;16;12;28;38;2;107;99;87m▀▀▀▀[38;2;83;36;24m▀[48;2;28;24;63;38;2;16;12;28m▀▀[48;2;16;12;28m▀▀[48;2;51;83;123;38;2;51;83;123m▀[48;2;24;16;20;38;2;24;16;20m▀[49;39m                [0m
[49;39m              [48;2;20;12;16;38;2;20;12;16m▀[48;2;16;12;28;38;2;28;24;63m▀[48;2;28;24;63m▀▀[48;2;16;12;28m▀[48;2;28;24;63m▀▀▀▀▀▀▀[38;2;16;12;28m▀[48;2;16;12;28;38;2;28;24;63m▀[48;2;28;24;63m▀[48;2;16;12;28;38;2;16;12;28m▀[48;2;20;12;16;38;2;20;12;16m▀[49;38;2;24;16;20m▀[39m                [0m
[49;39m               [48;2;20;12;16;38;2;20;12;16m▀[48;2;28;24;63;38;2;28;24;63m▀▀[48;2;16;12;28;38;2;16;12;28m▀▀[48;2;28;24;63;38;2;28;24;63m▀[48;2;16;12;28m▀▀[48;2;28;24;63m▀▀▀▀[48;2;16;12;28m▀[48;2;28;24;63m▀[48;2;16;12;28;38;2;16;12;28m▀[49;38;2;20;12;16m▀[39m                 [0m
[49;39m               [48;2;20;12;16;38;2;20;12;16m▀[48;2;28;24;63;38;2;28;24;63m▀▀[38;2;16;12;28m▀[48;2;16;12;28m▀▀[48;2;28;24;63;38;2;28;24;63m▀[48;2;16;12;28;38;2;16;12;28m▀▀[38;2;28;24;63m▀[38;2;16;12;28m▀▀[48;2;28;24;63;38;2;28;24;63m▀[48;2;20;12;16;38;2;20;12;16m▀[49;39m                   [0m
[49;39m               [48;2;20;12;16;38;2;20;12;16m▀[48;2;28;24;63;38;2;28;24;63m▀▀▀[38;2;16;12;28m▀[48;2;16;12;28m▀▀[38;2;28;24;63m▀[48;2;28;24;63;38;2;16;12;28m▀▀[48;2;16;12;28m▀▀[38;2;28;24;63m▀[48;2;20;12;16;38;2;20;12;16m▀[49;39m                   [0m
[49;39m               [48;2;20;12;16;38;2;20;12;16m▀[48;2;28;24;63;38;2;28;24;63m▀▀▀▀▀[48;2;16;12;28;38;2;16;12;28m▀▀[38;2;28;24;63m▀[48;2;28;24;63m▀▀[38;2;16;12;28m▀▀[48;2;20;12;16;38;2;20;12;16m▀[49;39m                   [0m
[49;39m               [48;2;20;12;16;38;2;20;12;16m▀[48;2;28;24;63;38;2;28;24;63m▀▀▀▀▀▀[38;2;16;12;28m▀[48;2;16;12;28m▀[38;2;28;24;63m▀[48;2;28;24;63m▀▀▀[38;2;20;12;16m▀[49m▄[39m                  [0m
[49;39m               [38;2;24;16;20m▀[48;2;24;16;20;38;2;28;24;63m▀[48;2;28;24;63m▀▀▀▀▀▀▀[38;2;16;12;28m▀[48;2;16;12;28m▀[48;2;28;24;63;38;2;28;24;63m▀▀▀▀[48;2;20;12;16;38;2;24;16;20m▀[49;39m                 [0m
[49;39m                [48;2;24;16;20;38;2;20;12;16m▀[48;2;28;24;63;38;2;28;24;63m▀▀▀[48;2;16;12;28m▀[38;2;16;12;28m▀[48;2;63;16;40m▀[48;2;16;12;28m▀▀[38;2;28;24;63m▀[38;2;16;12;28m▀[38;2;28;24;63m▀[48;2;28;24;63m▀▀[48;2;20;12;16;38;2;20;12;16m▀[49;39m                 [0m
[49;39m                 [38;2;20;12;16m▀[48;2;16;12;28;38;2;16;12;28m▀[48;2;83;36;24m▀[48;2;103;67;28;38;2;83;36;24m▀▀[48;2;83;36;24;38;2;16;12;28m▀[48;2;16;12;28m▀[48;2;83;36;24m▀[48;2;16;12;28m▀▀[48;2;28;24;63m▀[38;2;28;24;63m▀[48;2;20;12;16m▀[49;38;2;24;16;20m▀[39m                 [0m
[49;39m                [38;2;24;16;20m▄[48;2;20;12;16m▀[38;2;16;12;28m▀[48;2;83;36;24;38;2;20;12;16m▀[48;2;103;67;28;38;2;83;36;24m▀[38;2;63;16;40m▀[48;2;83;36;24;38;2;20;12;16m▀[48;2;20;12;16;38;2;16;12;28m▀[38;2;83;36;24m▀▀[38;2;16;12;28m▀[38;2;28;24;63m▀▀[49;38;2;24;16;20m▀[39m                  [0m
[49;39m                [38;2;24;16;20m▀[48;2;24;16;20;38;2;20;12;16m▀▀[48;2;103;67;28;38;2;83;36;24m▀[38;2;103;67;28m▀[48;2;83;36;24m▀[48;2;20;12;16;38;2;83;36;24m▀[38;2;20;12;16m▀▀[48;2;24;16;20m▀▀[49;38;2;24;16;20m▀[39m                    [0m
[16A[49;39m                   [38;2;35;23;29m▄[48;2;76;123;182m▀[48;2;23;18;41;38;2;76;59;147m▀[48;2;170;170;182;38;2;76;123;182m▀[48;2;23;18;41;38;2;76;59;147m▀[48;2;170;170;182;38;2;76;123;182m▀[48;2;76;123;182;38;2;35;23;29m▀[49m▄[39m                     [0m
[49;39m                  [48;2;35;23;29;38;2;35;23;29m▀[48;2;76;59;147;38;2;76;59;147m▀[48;2;23;18;41;38;2;76;123;182m▀[38;2;23;18;41m▀[48;2;76;123;182;38;2;76;123;182m▀[48;2;23;18;41;38;2;23;18;41m▀[48;2;76;123;182;38;2;170;170;182m▀[48;2;23;18;41;38;2;76;123;182m▀[48;2;76;123;182;38;2;76;59;147m▀[48;2;35;23;29;38;2;35;23;29m▀[49;39m                    [0m
[49;39m                [48;2;29;18;23;38;2;35;23;29m▀[48;2;158;147;129m▀[48;2;76;59;147;38;2;23;18;41m▀▀[48;2;158;147;129;38;2;158;147;129m▀[48;2;170;170;182;38;2;76;59;147m▀[48;2;23;18;41;38;2;23;18;41m▀[48;2;76;59;147m▀[48;2;170;170;182;38;2;76;59;147m▀[48;2;158;147;129;38;2;158;147;129m▀[48;2;76;59;147;38;2;23;18;41m▀[48;2;123;53;35m▀[48;2;158;147;129;38;2;35;23;29m▀[48;2;29;18;23m▀[49;39m                  [0m
[49;39m               [38;2;35;23;29m▄[48;2;23;18;41;38;2;29;18;23m▀[48;2;41;35;94m▀[48;2;23;18;41;38;2;129;106;65m▀[38;2;23;18;41m▀[48;2;76;59;147m▀[48;2;23;18;41;38;2;158;147;129m▀[48;2;129;106;65m▀▀[48;2;23;18;41m▀[48;2;76;59;147;38;2;23;18;41m▀[48;2;23;18;41m▀[38;2;129;106;65m▀[38;2;23;18;41m▀[48;2;76;59;147;38;2;76;123;182m▀[48;2;35;23;29;38;2;35;23;29m▀[49;39m                 [0m
[49;39m              [48;2;29;18;23;38;2;29;18;23m▀[48;2;41;35;94;38;2;41;35;94m▀▀▀▀[38;2;23;18;41m▀[38;2;123;53;35m▀[48;2;23;18;41;38;2;158;147;129m▀▀▀▀[38;2;123;53;35m▀[48;2;41;35;94;38;2;23;18;41m▀▀[48;2;23;18;41m▀▀[48;2;76;123;182;38;2;76;123;182m▀[48;2;35;23;29;38;2;35;23;29m▀[49;39m                [0m
[49;39m              [48;2;29;18;23;38;2;29;18;23m▀[48;2;23;18;41;38;2;41;35;94m▀[48;2;41;35;94m▀▀[48;2;23;18;41m▀[48;2;41;35;94m▀▀▀▀▀▀▀[38;2;23;18;41m▀[48;2;23;18;41;38;2;41;35;94m▀[48;2;41;35;94m▀[48;2;23;18;41;38;2;23;18;41m▀[48;2;29;18;23;38;2;29;18;23m▀[49;38;2;35;23;29m▀[39m                [0m
[49;39m               [48;2;29;18;23;38;2;29;18;23m▀[48;2;41;35;94;38;2;41;35;94m▀▀[48;2;23;18;41;38;2;23;18;41m▀▀[48;2;41;35;94;38;2;41;35;94m▀[48;2;23;18;41m▀▀[48;2;41;35;94m▀▀▀▀[48;2;23;18;41m▀[48;2;41;35;94m▀[48;2;23;18;41;38;2;23;18;41m▀[49;38;2;29;18;23m▀[39m                 [0m
[49;39m               [48;2;29;18;23;38;2;29;18;23m▀[48;2;41;35;94;38;2;41;35;94m▀▀[38;2;23;18;41m▀[48;2;23;18;41m▀▀[48;2;41;35;94;38;2;41;35;94m▀[48;2;23;18;41;38;2;23;18;41m▀▀[38;2;41;35;94m▀[38;2;23;18;41m▀▀[48;2;41;35;94;38;2;41;35;94m▀[48;2;29;18;23;38;2;29;18;23m▀[49;39m                   [0m
[49;39m               [48;2;29;18;23;38;2;29;18;23m▀[48;2;41;35;94;38;2;41;35;94m▀▀▀[38;2;23;18;41m▀[48;2;23;18;41m▀▀[38;2;41;35;94m▀[48;2;41;35;94;38;2;23;18;41m▀▀[48;2;23;18;41m▀▀[38;2;41;35;94m▀[48;2;29;18;23;38;2;29;18;23m▀[49;39m                   [0m
[49;39m               [48;2;29;18;23;38;2;29;18;23m▀[48;2;41;35;94;38;2;41;35;94m▀▀▀▀▀[48;2;23;18;41;38;2;23;18;41m▀▀[38;2;41;35;94m▀[48;2;41;35;94m▀▀[38;2;23;18;41m▀▀[48;2;29;18;23;38;2;29;18;23m▀[49;39m                   [0m
[49;39m               [48;2;29;18;23;38;2;29;18;23m▀[48;2;41;35;94;38;2;41;35;94m▀▀▀▀▀▀[38;2;23;18;41m▀[48;2;23;18;41m▀[38;2;41;35;94m▀[48;2;41;35;94m▀▀▀[38;2;29;18;23m▀[49m▄[39m                  [0m
[49;39m               [38;2;35;23;29m▀[48;2;35;23;29;38;2;41;35;94m▀[48;2;41;35;94m▀▀▀▀▀▀▀[38;2;23;18;41m▀[48;2;23;18;41m▀[48;2;41;35;94;38;2;41;35;94m▀▀▀▀[48;2;29;18;23;38;2;35;23;29m▀[49;39m                 [0m
[49;39m                [48;2;35;23;29;38;2;29;18;23m▀[48;2;41;35;94;38;2;41;35;94m▀▀▀[48;2;23;18;41m▀[38;2;23;18;41m▀[48;2;94;23;59m▀[48;2;23;18;41m▀▀[38;2;41;35;94m▀[38;2;23;18;41m▀[38;2;41;35;94m▀[48;2;41;35;94m▀▀[48;2;29;18;23;38;2;29;18;23m▀[49;39m                 [0m
[49;39m                 [38;2;29;18;23m▀[48;2;23;18;41;38;2;23;18;41m▀[48;2;123;53;35m▀[48;2;153;100;41;38;2;123;53;35m▀▀[48;2;123;53;35;38;2;23;18;41m▀[48;2;23;18;41m▀[48;2;123;53;35m▀[48;2;23;18;41m▀▀[48;2;41;35;94m▀[38;2;41;35;94m▀[48;2;29;18;23m▀[49;38;2;35;23;29m▀[39m                 [0m
[49;39m                [38;2;35;23;29m▄[48;2;29;18;23m▀[38;2;23;18;41m▀[48;2;123;53;35;38;2;29;18;23m▀[48;2;153;100;41;38;2;123;53;35m▀[38;2;94;23;59m▀[48;2;123;53;35;38;2;29;18;23m▀[48;2;29;18;23;38;2;23;18;41m▀[38;2;123;53;35m▀▀[38;2;23;18;41m▀[38;2;41;35;94m▀▀[49;38;2;35;23;29m▀[39m                  [0m
[49;39m                [38;2;35;23;29m▀[48;2;35;23;29;38;2;29;18;23m▀▀[48;2;153;100;41;38;2;123;53;35m▀[38;2;153;100;41m▀[48;2;123;53;35m▀[48;2;29;18;23;38;2;123;53;35m▀[38;2;29;18;23m▀▀[48;2;35;23;29m▀▀[49;38;2;35;23;29m▀[39m                    [0m
[16A[49;39m                   [38;2;48;32;40m▄[48;2;104;168;248m▀[48;2;32;24;56;38;2;104;80;200m▀[48;2;232;232;248;38;2;104;168;248m▀[48;2;32;24;56;38;2;104;80;200m▀[48;2;232;232;248;38;2;104;168;248m▀[48;2;104;168;248;38;2;48;32;40m▀[49m▄[39m                     [0m
[49;39m                  [48;2;48;32;40;38;2;48;32;40m▀[48;2;104;80;200;38;2;104;80;200m▀[48;2;32;24;56;38;2;104;168;248m▀[38;2;32;24;56m▀[48;2;104;168;248;38;2;104;168;248m▀[48;2;32;24;56;38;2;32;24;56m▀[48;2;104;168;248;38;2;232;232;248m▀[48;2;32;24;56;38;2;104;168;248m▀[48;2;104;168;248;38;2;104;80;200m▀[48;2;48;32;40;38;2;48;32;40m▀[49;39m                    [0m
[49;39m                [48;2;40;24;32;38;2;48;32;40m▀[48;2;216;200;176m▀[48;2;104;80;200;38;2;32;24;56m▀▀[48;2;216;200;176;38;2;216;200;176m▀[48;2;232;232;248;38;2;104;80;200m▀[48;2;32;24;56;38;2;32;24;56m▀[48;2;104;80;200m▀[48;2;232;232;248;38;2;104;80;200m▀[48;2;216;200;176;38;2;216;200;176m▀[48;2;104;80;200;38;2;32;24;56m▀[48;2;168;72;48m▀[48;2;216;200;176;38;2;48;32;40m▀[48;2;40;24;32m▀[49;39m                  [0m
[49;39m               [38;2;48;32;40m▄[48;2;32;24;56;38;2;40;24;32m▀[48;2;56;48;128m▀[48;2;32;24;56;38;2;176;144;88m▀[38;2;32;24;56m▀[48;2;104;80;200m▀[48;2;32;24;56;38;2;216;200;176m▀[48;2;176;144;88m▀▀[48;2;32;24;56m▀[48;2;104;80;200;38;2;32;24;56m▀[48;2;32;24;56m▀[38;2;176;144;88m▀[38;2;32;24;56m▀[48;2;104;80;200;38;2;104;168;248m▀[48;2;48;32;40;38;2;48;32;40m▀[49;39m                 [0m
[49;39m              [48;2;40;24;32;38;2;40;24;32m▀[48;2;56;48;128;38;2;56;48;128m▀▀▀▀[38;2;32;24;56m▀[38;2;168;72;48m▀[48;2;32;24;56;38;2;216;200;176m▀▀▀▀[38;2;168;72;48m▀[48;2;56;48;128;38;2;32;24;56m▀▀[48;2;32;24;56m▀▀[48;2;104;168;248;38;2;104;168;248m▀[48;2;48;32;40;38;2;48;32;40m▀[49;39m                [0m
[49;39m              [48;2;40;24;32;38;2;40;24;32m▀[48;2;32;24;56;38;2;56;48;128m▀[48;2;56;48;128m▀▀[48;2;32;24;56m▀[48;2;56;48;128m▀▀▀▀▀▀▀[38;2;32;24;56m▀[48;2;32;24;56;38;2;56;48;128m▀[48;2;56;48;128m▀[48;2;32;24;56;38;2;32;24;56m▀[48;2;40;24;32;38;2;40;24;32m▀[49;38;2;48;32;40m▀[39m                [0m
[49;39m               [48;2;40;24;32;38;2;40;24;32m▀[48;2;56;48;128;38;2;56;48;128m▀▀[48;2;32;24;56;38;2;32;24;56m▀▀[48;2;56;48;128;38;2;56;48;128m▀[48;2;32;24;56m▀▀[48;2;56;48;128m▀▀▀▀[48;2;32;24;56m▀[48;2;56;48;128m▀[48;2;32;24;56;38;2;32;24;56m▀[49;38;2;40;24;32m▀[39m                 [0m
[49;39m               [48;2;40;24;32;38;2;40;24;32m▀[48;2;56;48;128;38;2;56;48;128m▀▀[38;2;32;24;56m▀[48;2;32;24;56m▀▀[48;2;56;48;128;38;2;56;48;128m▀[48;2;32;24;56;38;2;32;24;56m▀▀[38;2;56;48;128m▀[38;2;32;24;56m▀▀[48;2;56;48;128;38;2;56;48;128m▀[48;2;40;24;32;38;2;40;24;32m▀[49;39m                   [0m
[49;39m               [48;2;40;24;32;38;2;40;24;32m▀[48;2;56;48;128;38;2;56;48;128m▀▀▀[38;2;32;24;56m▀[48;2;32;24;56m▀▀[38;2;56;48;128m▀[48;2;56;48;128;38;2;32;24;56m▀▀[48;2;32;24;56m▀▀[38;2;56;48;128m▀[48;2;40;24;32;38;2;40;24;32m▀[49;39m                   [0m
[49;39m               [48;2;40;24;32;38;2;40;24;32m▀[48;2;56;48;128;38;2;56;48;128m▀▀▀▀▀[48;2;32;24;56;38;2;32;24;56m▀▀[38;2;56;48;128m▀[48;2;56;48;128m▀▀[38;2;32;24;56m▀▀[48;2;40;24;32;38;2;40;24;32m▀[49;39m                   [0m
[49;39m               [48;2;40;24;32;38;2;40;24;32m▀[48;2;56;48;128;38;2;56;48;128m▀▀▀▀▀▀[38;2;32;24;56m▀[48;2;32;24;56m▀[38;2;56;48;128m▀[48;2;56;48;128m▀▀▀[38;2;40;24;32m▀[49m▄[39m                  [0m
[49;39m               [38;2;48;32;40m▀[48;2;48;32;40;38;2;56;48;128m▀[48;2;56;48;128m▀▀▀▀▀▀▀[38;2;32;24;56m▀[48;2;32;24;56m▀[48;2;56;48;128;38;2;56;48;128m▀▀▀▀[48;2;40;24;32;38;2;48;32;40m▀[49;39m                 [0m
[49;39m                [48;2;48;32;40;38;2;40;24;32m▀[48;2;56;48;128;38;2;56;48;128m▀▀▀[48;2;32;24;56m▀[38;2;32;24;56m▀[48;2;128;32;80m▀[48;2;32;24;56m▀▀[38;2;56;48;128m▀[38;2;32;24;56m▀[38;2;56;48;128m▀[48;2;56;48;128m▀▀[48;2;40;24;32;38;2;40;24;32m▀[49;39m                 [0m
[49;39m                 [38;2;40;24;32m▀[48;2;32;24;56;38;2;32;24;56m▀[48;2;168;72;48m▀[48;2;208;136;56;38;2;168;72;48m▀▀[48;2;168;72;48;38;2;32;24;56m▀[48;2;32;24;56m▀[48;2;168;72;48m▀[48;2;32;24;56m▀▀[48;2;56;48;128m▀[38;2;56;48;128m▀[48;2;40;24;32m▀[49;38;2;48;32;40m▀[39m                 [0m
[49;39m                [38;2;48;32;40m▄[48;2;40;24;32m▀[38;2;32;24;56m▀[48;2;168;72;48;38;2;40;24;32m▀[48;2;208;136;56;38;2;168;72;48m▀[38;2;128;32;80m▀[48;2;168;72;48;38;2;40;24;32m▀[48;2;40;24;32;38;2;32;24;56m▀[38;2;168;72;48m▀▀[38;2;32;24;56m▀[38;2;56;48;128m▀▀[49;38;2;48;32;40m▀[39m                  [0m
[49;39m                [38;2;48;32;40m▀[48;2;48;32;40;38;2;40;24;32m▀▀[48;2;208;136;56;38;2;168;72;48m▀[38;2;208;136;56m▀[48;2;168;72;48m▀[48;2;40;24;32;38;2;168;72;48m▀[38;2;40;24;32m▀▀[48;2;48;32;40m▀▀[49;38;2;48;32;40m▀[39m                    [0m
[16A[49;39m                   [38;2;48;32;40m▄[48;2;104;168;248m▀[38;2;104;80;200m▀▀[48;2;232;232;248;38;2;104;168;248m▀[38;2;32;24;56m▀[48;2;104;80;200;38;2;48;32;40m▀[49m▄[39m  [38;2;48;32;40m▄▄▄[39m                [0m
[49;39m                 [38;2;48;32;40m▄[48;2;104;80;200m▀[48;2;32;24;56;38;2;104;80;200m▀[48;2;104;80;200;38;2;104;168;248m▀[48;2;32;24;56;38;2;104;80;200m▀[48;2;216;200;176;38;2;32;24;56m▀▀[48;2;32;24;56;38;2;104;168;248m▀[48;2;104;168;248;38;2;232;232;248m▀[38;2;104;80;200m▀[48;2;104;80;200;38;2;48;32;40m▀[48;2;104;168;248m▀[38;2;104;80;200m▀[38;2;104;168;248m▀[38;2;104;80;200m▀[48;2;40;24;32;38;2;48;32;40m▀[49;38;2;40;24;32m▄[48;2;168;72;48m▀[48;2;208;136;56m▀▀[49m▄[39m          [0m
[49;39m               [38;2;40;24;32m▄[48;2;104;80;200;38;2;48;32;40m▀[38;2;104;80;200m▀[48;2;32;24;56;38;2;32;24;56m▀[38;2;216;200;176m▀[48;2;216;200;176;38;2;32;24;56m▀[48;2;32;24;56m▀[48;2;104;80;200;38;2;216;200;176m▀[48;2;216;200;176m▀▀[38;2;104;80;200m▀[38;2;176;144;88m▀[48;2;104;80;200;38;2;32;24;56m▀[48;2;216;200;176m▀[48;2;32;24;56;38;2;104;80;200m▀[48;2;40;24;32m▀[48;2;176;144;88;38;2;40;24;32m▀[48;2;32;24;56;38;2;208;136;56m▀[48;2;208;136;56;38;2;32;24;56m▀[48;2;32;24;56;38;2;208;136;56m▀[48;2;168;72;48m▀[48;2;40;24;32;38;2;168;72;48m▀[38;2;40;24;32m▀[49;39m          [0m
[49;39m              [38;2;48;32;40m▄[48;2;104;80;200m▀[48;2;32;24;56;38;2;104;168;248m▀[48;2;104;80;200;38;2;32;24;56m▀[48;2;32;24;56m▀[48;2;104;80;200m▀[48;2;32;24;56;38;2;216;200;176m▀[38;2;168;72;48m▀[48;2;176;144;88;38;2;176;144;88m▀[48;2;232;232;248;38;2;32;24;56m▀[48;2;32;24;56m▀[48;2;216;200;176;38;2;176;144;88m▀[48;2;168;72;48;38;2;32;24;56m▀[48;2;32;24;56;38;2;176;144;88m▀[48;2;176;144;88;38;2;32;24;56m▀[48;2;216;200;176;38;2;176;144;88m▀[38;2;216;200;176m▀[48;2;176;144;88m▀[48;2;32;24;56;38;2;32;24;56m▀[38;2;168;72;48m▀[38;2;32;24;56m▀[48;2;56;48;128m▀[48;2;32;24;56m▀[48;2;56;48;128;38;2;56;48;128m▀[48;2;40;24;32;38;2;40;24;32m▀[49m▄[39m        [0m
[49;39m              [38;2;48;32;40m▀[48;2;40;24;32;38;2;104;168;248m▀[48;2;176;144;88;38;2;32;24;56m▀[48;2;216;200;176m▀[48;2;32;24;56;38;2;56;48;128m▀[48;2;56;48;128;38;2;32;24;56m▀[48;2;32;24;56;38;2;216;200;176m▀[38;2;32;24;56m▀[38;2;176;144;88m▀[48;2;176;144;88m▀[48;2;216;200;176;38;2;216;200;176m▀[48;2;176;144;88m▀[48;2;32;24;56;38;2;176;144;88m▀[38;2;32;24;56m▀[38;2;176;144;88m▀▀[38;2;32;24;56m▀▀▀▀▀[48;2;56;48;128;38;2;56;48;128m▀[48;2;32;24;56;38;2;32;24;56m▀[48;2;56;48;128;38;2;56;48;128m▀▀[38;2;40;24;32m▀[48;2;40;24;32m▀[49;39m       [0m
[49;39m              [48;2;40;24;32;38;2;40;24;32m▀[48;2;216;200;176;38;2;176;144;88m▀[38;2;216;200;176m▀[48;2;176;144;88m▀[48;2;32;24;56;38;2;32;24;56m▀[38;2;56;48;128m▀▀[48;2;56;48;128m▀[38;2;32;24;56m▀▀▀▀[48;2;32;24;56;38;2;56;48;128m▀[38;2;32;24;56m▀▀▀▀[48;2;56;48;128m▀[48;2;32;24;56;38;2;56;48;128m▀[38;2;32;24;56m▀▀[48;2;56;48;128;38;2;56;48;128m▀[48;2;32;24;56;38;2;32;24;56m▀[48;2;56;48;128;38;2;56;48;128m▀▀▀▀[48;2;40;24;32;38;2;40;24;32m▀[49;39m      [0m
[49;39m            [38;2;40;24;32m▄[48;2;168;72;48m▀[48;2;208;136;56;38;2;168;72;48m▀[38;2;32;24;56m▀[48;2;168;72;48m▀[48;2;32;24;56m▀▀[38;2;128;32;80m▀[48;2;128;32;80;38;2;168;72;48m▀[48;2;168;72;48;38;2;32;24;56m▀[48;2;208;136;56m▀[48;2;232;232;248m▀▀[48;2;208;136;56;38;2;168;72;48m▀[48;2;168;72;48;38;2;208;136;56m▀[48;2;32;24;56;38;2;32;24;56m▀▀▀[48;2;56;48;128m▀[48;2;32;24;56;38;2;56;48;128m▀[38;2;32;24;56m▀▀[48;2;56;48;128;38;2;56;48;128m▀[48;2;32;24;56;38;2;32;24;56m▀▀[48;2;56;48;128;38;2;56;48;128m▀▀▀▀▀[48;2;40;24;32;38;2;40;24;32m▀[49;39m     [0m
[49;39m             [48;2;40;24;32;38;2;40;24;32m▀[48;2;168;72;48;38;2;168;72;48m▀[48;2;208;136;56m▀[38;2;208;136;56m▀[48;2;168;72;48;38;2;168;72;48m▀[48;2;32;24;56;38;2;32;24;56m▀[48;2;128;32;80m▀[48;2;32;24;56m▀[38;2;168;72;48m▀▀[38;2;128;32;80m▀[38;2;32;24;56m▀▀[38;2;128;32;80m▀[38;2;32;24;56m▀[48;2;56;48;128m▀[38;2;56;48;128m▀▀[38;2;32;24;56m▀▀[38;2;56;48;128m▀[48;2;32;24;56;38;2;32;24;56m▀▀[48;2;56;48;128;38;2;56;48;128m▀▀▀▀▀▀[48;2;40;24;32;38;2;40;24;32m▀[49;39m     [0m
[49;39m              [48;2;40;24;32;38;2;40;24;32m▀[48;2;168;72;48;38;2;208;136;56m▀▀[38;2;32;24;56m▀[48;2;32;24;56m▀[38;2;168;72;48m▀▀[48;2;208;136;56;38;2;208;136;56m▀[48;2;232;232;248;38;2;168;72;48m▀[48;2;208;136;56;38;2;32;24;56m▀[48;2;168;72;48m▀[48;2;32;24;56;38;2;168;72;48m▀[38;2;32;24;56m▀▀[48;2;56;48;128;38;2;56;48;128m▀▀▀▀▀[48;2;32;24;56;38;2;32;24;56m▀[48;2;56;48;128m▀[38;2;56;48;128m▀▀▀▀▀▀▀[48;2;40;24;32;38;2;40;24;32m▀[49;39m     [0m
[49;39m               [38;2;40;24;32m▀▀▀[48;2;40;24;32;38;2;32;24;56m▀[48;2;128;32;80;38;2;128;32;80m▀[48;2;104;80;200m▀[48;2;128;32;80;38;2;32;24;56m▀[48;2;32;24;56;38;2;208;136;56m▀[38;2;168;72;48m▀[48;2;128;32;80;38;2;32;24;56m▀[48;2;104;80;200;38;2;128;32;80m▀[48;2;128;32;80m▀[38;2;32;24;56m▀[48;2;32;24;56;38;2;56;48;128m▀[48;2;56;48;128m▀▀▀[38;2;32;24;56m▀[38;2;56;48;128m▀▀▀▀▀▀▀▀▀[48;2;40;24;32;38;2;40;24;32m▀[49;39m     [0m
[49;39m                 [48;2;40;24;32;38;2;48;32;40m▀[48;2;128;32;80;38;2;128;32;80m▀[48;2;104;80;200;38;2;104;80;200m▀[48;2;128;32;80m▀[38;2;128;32;80m▀[48;2;32;24;56;38;2;32;24;56m▀[49;38;2;40;24;32m▀[48;2;40;24;32;38;2;128;32;80m▀[48;2;128;32;80m▀[48;2;104;80;200;38;2;104;80;200m▀▀[48;2;32;24;56;38;2;40;24;32m▀[38;2;56;48;128m▀[48;2;40;24;32m▀▀[49;38;2;40;24;32m▀▀▀▀[48;2;40;24;32;38;2;56;48;128m▀▀[48;2;56;48;128m▀▀▀[48;2;40;24;32;38;2;40;24;32m▀[49;39m      [0m
[49;39m                 [48;2;40;24;32;38;2;40;24;32m▀[48;2;104;80;200;38;2;128;32;80m▀[38;2;104;80;200m▀[48;2;128;32;80;38;2;128;32;80m▀[48;2;40;24;32;38;2;40;24;32m▀[49;39m  [38;2;40;24;32m▀[48;2;32;24;56;38;2;128;32;80m▀▀▀[48;2;168;72;48;38;2;40;24;32m▀[48;2;40;24;32m▀[49;39m        [38;2;40;24;32m▀[48;2;40;24;32;38;2;56;48;128m▀[49;38;2;40;24;32m▀[39m       [0m
[49;39m                [48;2;32;24;56;38;2;48;32;40m▀[48;2;128;32;80;38;2;128;32;80m▀[48;2;104;80;200;38;2;104;80;200m▀[48;2;128;32;80m▀[48;2;48;32;40;38;2;128;32;80m▀[49;38;2;48;32;40m▀[39m  [48;2;40;24;32;38;2;32;24;56m▀[48;2;168;72;48;38;2;128;32;80m▀[38;2;208;136;56m▀▀[48;2;128;32;80;38;2;32;24;56m▀[49m▄[39m                  [0m
[49;39m               [38;2;48;32;40m▀[48;2;40;24;32;38;2;168;72;48m▀[48;2;208;136;56;38;2;32;24;56m▀▀[48;2;168;72;48m▀[48;2;32;24;56;38;2;40;24;32m▀[49;39m  [38;2;48;32;40m▄[48;2;48;32;40;38;2;40;24;32m▀[48;2;40;24;32;38;2;168;72;48m▀[48;2;168;72;48m▀[38;2;208;136;56m▀▀[38;2;32;24;56m▀[48;2;40;24;32;38;2;40;24;32m▀[38;2;48;32;40m▀▀[49m▄▄[39m             [0m
[49;39m               [48;2;32;24;56;38;2;48;32;40m▀[48;2;168;72;48;38;2;128;32;80m▀[38;2;168;72;48m▀[48;2;208;136;56m▀[48;2;168;72;48;38;2;128;32;80m▀[48;2;32;24;56;38;2;32;24;56m▀[48;2;40;24;32;38;2;48;32;40m▀▀[38;2;40;24;32m▀▀▀▀▀▀▀▀[48;2;48;32;40m▀▀[49m▀[38;2;48;32;40m▀[39m             [0m
[49;39m               [38;2;48;32;40m▀[48;2;48;32;40;38;2;32;24;56m▀[48;2;32;24;56;38;2;168;72;48m▀[48;2;168;72;48;38;2;208;136;56m▀▀[48;2;40;24;32;38;2;168;72;48m▀[38;2;48;32;40m▀[38;2;40;24;32m▀▀▀[48;2;48;32;40m▀▀[49m▀▀[38;2;48;32;40m▀[39m                  [0m
[16A[49;39m                  [38;2;48;32;40m▄[48;2;104;80;200m▀[48;2;104;168;248m▀[48;2;232;232;248;38;2;104;168;248m▀[48;2;32;24;56;38;2;104;80;200m▀[48;2;232;232;248;38;2;104;168;248m▀[48;2;32;24;56;38;2;104;80;200m▀[48;2;104;168;248;38;2;48;32;40m▀[49m▄[39m                     [0m
[49;39m                 [48;2;32;24;56;38;2;48;32;40m▀[48;2;104;168;248;38;2;104;80;200m▀[48;2;32;24;56;38;2;104;168;248m▀[48;2;216;200;176;38;2;32;24;56m▀[48;2;104;80;200;38;2;104;168;248m▀[48;2;32;24;56;38;2;32;24;56m▀[48;2;104;80;200;38;2;104;168;248m▀[48;2;32;24;56;38;2;32;24;56m▀[48;2;216;200;176;38;2;104;80;200m▀[48;2;32;24;56;38;2;32;24;56m▀[49;38;2;48;32;40m▄[39m                    [0m
[49;39m                [48;2;48;32;40;38;2;48;32;40m▀[48;2;216;200;176;38;2;216;200;176m▀[48;2;176;144;88;38;2;32;24;56m▀[48;2;32;24;56m▀[48;2;176;144;88;38;2;216;200;176m▀[48;2;216;200;176;38;2;232;232;248m▀[48;2;232;232;248;38;2;104;80;200m▀[38;2;32;24;56m▀[48;2;216;200;176;38;2;232;232;248m▀[48;2;176;144;88;38;2;216;200;176m▀[48;2;32;24;56;38;2;32;24;56m▀[48;2;176;144;88;38;2;216;200;176m▀[48;2;48;32;40;38;2;48;32;40m▀[49;39m                   [0m
[49;39m               [48;2;40;24;32;38;2;48;32;40m▀[48;2;104;168;248;38;2;104;80;200m▀[48;2;32;24;56;38;2;32;24;56m▀[38;2;216;200;176m▀[38;2;32;24;56m▀[48;2;232;232;248m▀[48;2;32;24;56m▀[48;2;176;144;88;38;2;168;72;48m▀[48;2;232;232;248;38;2;176;144;88m▀[48;2;32;24;56;38;2;32;24;56m▀[48;2;232;232;248m▀[48;2;32;24;56m▀[48;2;40;24;32;38;2;48;32;40m▀[49;39m                    [0m
[49;39m              [38;2;40;24;32m▄[48;2;56;48;128m▀[38;2;56;48;128m▀[48;2;32;24;56m▀[48;2;56;48;128m▀[38;2;32;24;56m▀[48;2;32;24;56;38;2;168;72;48m▀[48;2;168;72;48;38;2;216;200;176m▀[48;2;216;200;176m▀[38;2;232;232;248m▀[48;2;168;72;48;38;2;216;200;176m▀[48;2;32;24;56;38;2;168;72;48m▀[48;2;56;48;128;38;2;32;24;56m▀[48;2;32;24;56;38;2;56;48;128m▀[38;2;40;24;32m▀[49;39m                   [0m
[49;39m             [38;2;40;24;32m▄[48;2;40;24;32m▀[48;2;56;48;128;38;2;56;48;128m▀[48;2;128;32;80;38;2;32;24;56m▀[48;2;176;144;88;38;2;176;144;88m▀[48;2;128;32;80;38;2;32;24;56m▀[48;2;32;24;56;38;2;56;48;128m▀[48;2;56;48;128m▀[38;2;32;24;56m▀▀▀▀[38;2;56;48;128m▀[48;2;40;24;32m▀[48;2;216;200;176;38;2;32;24;56m▀[48;2;32;24;56m▀[48;2;56;48;128;38;2;40;24;32m▀[38;2;48;32;40m▀[49;38;2;40;24;32m▄▄▄▄[38;2;48;32;40m▄[39m            [0m
[49;39m             [48;2;40;24;32;38;2;40;24;32m▀[48;2;32;24;56m▀[48;2;176;144;88;38;2;32;24;56m▀[48;2;216;200;176;38;2;216;200;176m▀▀[48;2;128;32;80;38;2;176;144;88m▀[48;2;32;24;56;38;2;32;24;56m▀[48;2;128;32;80;38;2;168;72;48m▀[48;2;168;72;48;38;2;32;24;56m▀[48;2;208;136;56m▀[48;2;232;232;248m▀▀[48;2;208;136;56;38;2;40;24;32m▀[48;2;40;24;32;38;2;168;72;48m▀[48;2;168;72;48;38;2;40;24;32m▀[48;2;32;24;56;38;2;32;24;56m▀[48;2;56;48;128;38;2;56;48;128m▀▀▀▀[48;2;40;24;32m▀[49;38;2;40;24;32m▀[39m             [0m
[49;39m            [48;2;40;24;32;38;2;40;24;32m▀[48;2;56;48;128;38;2;56;48;128m▀[48;2;32;24;56;38;2;32;24;56m▀[38;2;216;200;176m▀[48;2;168;72;48m▀[38;2;176;144;88m▀[48;2;208;136;56;38;2;168;72;48m▀[48;2;128;32;80;38;2;32;24;56m▀[48;2;32;24;56m▀[38;2;168;72;48m▀[38;2;208;136;56m▀[48;2;128;32;80;38;2;32;24;56m▀[48;2;32;24;56m▀[48;2;40;24;32;38;2;168;72;48m▀[48;2;32;24;56;38;2;32;24;56m▀[48;2;208;136;56;38;2;208;136;56m▀[48;2;168;72;48;38;2;168;72;48m▀[48;2;32;24;56;38;2;32;24;56m▀[38;2;56;48;128m▀[48;2;56;48;128m▀[48;2;40;24;32m▀[49;38;2;40;24;32m▀[39m              [0m
[49;39m            [48;2;40;24;32;38;2;40;24;32m▀[48;2;56;48;128;38;2;56;48;128m▀▀[38;2;32;24;56m▀[48;2;32;24;56;38;2;208;136;56m▀▀[48;2;168;72;48;38;2;168;72;48m▀[48;2;208;136;56;38;2;208;136;56m▀[48;2;32;24;56;38;2;168;72;48m▀[38;2;32;24;56m▀[38;2;168;72;48m▀[48;2;168;72;48;38;2;208;136;56m▀[48;2;208;136;56;38;2;232;232;248m▀[48;2;40;24;32;38;2;168;72;48m▀[48;2;32;24;56;38;2;32;24;56m▀[38;2;168;72;48m▀[38;2;32;24;56m▀▀▀[48;2;40;24;32;38;2;56;48;128m▀[49;38;2;40;24;32m▀[39m               [0m
[49;39m            [38;2;40;24;32m▀[48;2;40;24;32;38;2;56;48;128m▀[48;2;56;48;128m▀▀▀[48;2;32;24;56;38;2;32;24;56m▀[38;2;168;72;48m▀[48;2;168;72;48;38;2;208;136;56m▀[48;2;128;32;80;38;2;32;24;56m▀[48;2;104;80;200;38;2;128;32;80m▀▀[48;2;128;32;80;38;2;32;24;56m▀[38;2;40;24;32m▀[48;2;104;80;200;38;2;128;32;80m▀[48;2;40;24;32;38;2;32;24;56m▀▀▀[48;2;48;32;40;38;2;56;48;128m▀[49;38;2;40;24;32m▀[39m                 [0m
[49;39m             [48;2;48;32;40;38;2;40;24;32m▀[48;2;56;48;128;38;2;56;48;128m▀▀▀▀[48;2;40;24;32;38;2;32;24;56m▀[48;2;32;24;56m▀[48;2;128;32;80;38;2;128;32;80m▀[48;2;104;80;200;38;2;104;80;200m▀[48;2;128;32;80;38;2;128;32;80m▀[48;2;32;24;56;38;2;32;24;56m▀[48;2;104;80;200;38;2;104;80;200m▀[48;2;128;32;80m▀[48;2;40;24;32;38;2;40;24;32m▀[49;39m                     [0m
[49;39m              [38;2;40;24;32m▀[48;2;40;24;32;38;2;56;48;128m▀▀[48;2;56;48;128m▀[48;2;40;24;32;38;2;40;24;32m▀[48;2;128;32;80;38;2;128;32;80m▀[48;2;104;80;200;38;2;104;80;200m▀▀[48;2;128;32;80;38;2;128;32;80m▀[48;2;32;24;56;38;2;32;24;56m▀[48;2;208;136;56;38;2;128;32;80m▀[48;2;168;72;48;38;2;32;24;56m▀[48;2;40;24;32;38;2;40;24;32m▀[49;39m                     [0m
[49;39m                [38;2;48;32;40m▀[38;2;40;24;32m▀▀[48;2;32;24;56;38;2;128;32;80m▀[38;2;104;80;200m▀[38;2;128;32;80m▀[38;2;32;24;56m▀[48;2;128;32;80m▀[48;2;168;72;48;38;2;168;72;48m▀[48;2;208;136;56;38;2;128;32;80m▀[48;2;168;72;48;38;2;40;24;32m▀[49m▄[39m                    [0m
[49;39m                  [48;2;40;24;32;38;2;48;32;40m▀[48;2;128;32;80;38;2;168;72;48m▀[48;2;168;72;48;38;2;208;136;56m▀[48;2;128;32;80;38;2;168;72;48m▀[48;2;32;24;56;38;2;32;24;56m▀[38;2;128;32;80m▀[48;2;40;24;32;38;2;168;72;48m▀▀[38;2;208;136;56m▀▀[49;39m                    [0m
[49;39m                [38;2;48;32;40m▄[48;2;40;24;32m▀[48;2;128;32;80;38;2;40;24;32m▀[48;2;168;72;48;38;2;208;136;56m▀[48;2;208;136;56m▀[38;2;168;72;48m▀[48;2;168;72;48;38;2;40;24;32m▀[48;2;40;24;32m▀▀▀▀▀[49;39m                    [0m
[49;39m                [38;2;48;32;40m▀[48;2;48;32;40;38;2;40;24;32m▀[48;2;40;24;32;38;2;128;32;80m▀[48;2;128;32;80;38;2;168;72;48m▀[48;2;168;72;48;38;2;208;136;56m▀[48;2;208;136;56m▀[48;2;168;72;48m▀[48;2;40;24;32;38;2;168;72;48m▀[48;2;48;32;40;38;2;40;24;32m▀▀[49;38;2;48;32;40m▀▀[39m                    [0m
[16A[49;39m                  [38;2;48;32;40m▄[48;2;104;80;200m▀[48;2;104;168;248m▀[48;2;232;232;248;38;2;104;168;248m▀[48;2;32;24;56;38;2;104;80;200m▀[48;2;232;232;248;38;2;104;168;248m▀[48;2;32;24;56;38;2;104;80;200m▀[48;2;104;168;248;38;2;48;32;40m▀[49m▄[39m                     [0m
[49;39m                 [48;2;32;24;56;38;2;48;32;40m▀[48;2;104;168;248;38;2;104;80;200m▀[48;2;32;24;56;38;2;104;168;248m▀[48;2;216;200;176;38;2;32;24;56m▀[48;2;104;80;200;38;2;104;168;248m▀[48;2;32;24;56;38;2;32;24;56m▀[48;2;104;80;200;38;2;104;168;248m▀[48;2;32;24;56;38;2;32;24;56m▀[48;2;216;200;176;38;2;104;80;200m▀[48;2;32;24;56;38;2;32;24;56m▀[49;38;2;48;32;40m▄[39m                    [0m
[49;39m                [48;2;48;32;40;38;2;48;32;40m▀[48;2;216;200;176;38;2;216;200;176m▀[48;2;176;144;88;38;2;32;24;56m▀[48;2;32;24;56m▀[48;2;176;144;88;38;2;216;200;176m▀[48;2;216;200;176;38;2;232;232;248m▀[48;2;232;232;248;38;2;104;80;200m▀[38;2;32;24;56m▀[48;2;216;200;176;38;2;232;232;248m▀[48;2;176;144;88;38;2;216;200;176m▀[48;2;32;24;56;38;2;32;24;56m▀[48;2;176;144;88;38;2;216;200;176m▀[48;2;48;32;40;38;2;48;32;40m▀[49;39m                   [0m
[49;39m               [48;2;40;24;32;38;2;48;32;40m▀[48;2;104;168;248;38;2;104;80;200m▀[48;2;32;24;56;38;2;32;24;56m▀[38;2;216;200;176m▀[38;2;32;24;56m▀[48;2;232;232;248m▀[48;2;32;24;56m▀[48;2;176;144;88;38;2;168;72;48m▀[48;2;232;232;248;38;2;176;144;88m▀[48;2;32;24;56;38;2;32;24;56m▀[48;2;232;232;248m▀[48;2;32;24;56m▀[48;2;40;24;32;38;2;48;32;40m▀[49;39m                    [0m
[49;39m               [48;2;48;32;40;38;2;40;24;32m▀[48;2;56;48;128;38;2;56;48;128m▀[48;2;32;24;56m▀▀[48;2;56;48;128;38;2;32;24;56m▀[48;2;32;24;56;38;2;168;72;48m▀[48;2;168;72;48;38;2;216;200;176m▀[48;2;216;200;176m▀[38;2;232;232;248m▀[48;2;168;72;48;38;2;216;200;176m▀[48;2;32;24;56;38;2;168;72;48m▀[48;2;56;48;128;38;2;32;24;56m▀[48;2;32;24;56;38;2;56;48;128m▀[48;2;40;24;32;38;2;40;24;32m▀[49;39m                   [0m
[49;39m              [48;2;40;24;32;38;2;48;32;40m▀[48;2;56;48;128;38;2;40;24;32m▀[48;2;128;32;80;38;2;32;24;56m▀[48;2;216;200;176;38;2;176;144;88m▀[48;2;128;32;80;38;2;128;32;80m▀[48;2;32;24;56;38;2;56;48;128m▀▀[48;2;56;48;128;38;2;32;24;56m▀▀▀▀[38;2;56;48;128m▀[48;2;40;24;32m▀[48;2;216;200;176;38;2;40;24;32m▀[48;2;40;24;32m▀[49;39m                   [0m
[49;39m              [48;2;40;24;32;38;2;40;24;32m▀[48;2;176;144;88;38;2;32;24;56m▀[48;2;216;200;176;38;2;216;200;176m▀▀[48;2;128;32;80;38;2;176;144;88m▀[48;2;32;24;56;38;2;32;24;56m▀[48;2;128;32;80;38;2;168;72;48m▀[48;2;168;72;48;38;2;32;24;56m▀[48;2;208;136;56m▀[48;2;232;232;248m▀▀[48;2;208;136;56;38;2;40;24;32m▀[48;2;32;24;56;38;2;168;72;48m▀[48;2;168;72;48;38;2;40;24;32m▀[48;2;40;24;32m▀[49;39m                   [0m
[49;39m              [48;2;40;24;32;38;2;40;24;32m▀[48;2;32;24;56;38;2;216;200;176m▀[48;2;168;72;48m▀[38;2;176;144;88m▀[48;2;208;136;56;38;2;168;72;48m▀[48;2;128;32;80;38;2;32;24;56m▀[48;2;32;24;56m▀[38;2;168;72;48m▀[38;2;208;136;56m▀[48;2;128;32;80;38;2;32;24;56m▀[48;2;32;24;56m▀[48;2;40;24;32;38;2;168;72;48m▀[48;2;32;24;56;38;2;32;24;56m▀[48;2;208;136;56;38;2;208;136;56m▀[48;2;168;72;48;38;2;168;72;48m▀[48;2;40;24;32;38;2;48;32;40m▀[49;39m                  [0m
[49;39m              [48;2;40;24;32;38;2;40;24;32m▀[48;2;56;48;128;38;2;32;24;56m▀[48;2;32;24;56;38;2;208;136;56m▀[48;2;128;32;80m▀[48;2;168;72;48;38;2;168;72;48m▀[48;2;208;136;56;38;2;208;136;56m▀[48;2;32;24;56;38;2;168;72;48m▀[38;2;32;24;56m▀[38;2;168;72;48m▀[48;2;168;72;48;38;2;208;136;56m▀[48;2;208;136;56;38;2;232;232;248m▀[48;2;40;24;32;38;2;168;72;48m▀[48;2;32;24;56;38;2;32;24;56m▀[38;2;168;72;48m▀[48;2;40;24;32;38;2;32;24;56m▀[49;39m                   [0m
[49;39m              [48;2;40;24;32;38;2;40;24;32m▀[48;2;56;48;128;38;2;56;48;128m▀▀[48;2;32;24;56;38;2;32;24;56m▀[38;2;168;72;48m▀[48;2;168;72;48;38;2;208;136;56m▀[48;2;128;32;80;38;2;32;24;56m▀[48;2;104;80;200;38;2;128;32;80m▀▀[48;2;128;32;80;38;2;32;24;56m▀[38;2;40;24;32m▀[48;2;104;80;200;38;2;128;32;80m▀[48;2;32;24;56;38;2;32;24;56m▀[48;2;56;48;128;38;2;56;48;128m▀[48;2;40;24;32;38;2;40;24;32m▀[49;39m                   [0m
[49;39m              [48;2;40;24;32;38;2;40;24;32m▀[48;2;56;48;128;38;2;56;48;128m▀▀[48;2;32;24;56;38;2;32;24;56m▀▀▀[48;2;128;32;80;38;2;128;32;80m▀[48;2;104;80;200;38;2;104;80;200m▀[48;2;128;32;80;38;2;128;32;80m▀[48;2;32;24;56;38;2;32;24;56m▀[48;2;104;80;200;38;2;104;80;200m▀[48;2;128;32;80m▀[48;2;32;24;56;38;2;32;24;56m▀[48;2;56;48;128;38;2;56;48;128m▀[48;2;40;24;32;38;2;40;24;32m▀[49;39m                   [0m
[49;39m              [48;2;40;24;32;38;2;40;24;32m▀[48;2;56;48;128;38;2;56;48;128m▀▀[48;2;32;24;56;38;2;32;24;56m▀▀[48;2;128;32;80;38;2;128;32;80m▀[48;2;104;80;200;38;2;104;80;200m▀▀[48;2;128;32;80;38;2;128;32;80m▀[48;2;32;24;56;38;2;32;24;56m▀[48;2;208;136;56;38;2;128;32;80m▀[48;2;168;72;48;38;2;32;24;56m▀[48;2;32;24;56m▀[48;2;40;24;32;38;2;56;48;128m▀[49;38;2;48;32;40m▀[39m                   [0m
[49;39m              [48;2;40;24;32;38;2;40;24;32m▀[48;2;56;48;128;38;2;56;48;128m▀[48;2;32;24;56m▀[48;2;56;48;128m▀[48;2;32;24;56;38;2;32;24;56m▀[38;2;128;32;80m▀[38;2;104;80;200m▀[38;2;128;32;80m▀[38;2;32;24;56m▀[48;2;128;32;80m▀[48;2;168;72;48;38;2;168;72;48m▀[48;2;208;136;56;38;2;128;32;80m▀[48;2;168;72;48;38;2;32;24;56m▀[48;2;40;24;32;38;2;48;32;40m▀[49;39m                    [0m
[49;39m              [48;2;40;24;32;38;2;40;24;32m▀[48;2;56;48;128;38;2;56;48;128m▀[48;2;32;24;56;38;2;32;24;56m▀[48;2;56;48;128;38;2;56;48;128m▀[48;2;32;24;56;38;2;32;24;56m▀[48;2;128;32;80;38;2;168;72;48m▀[48;2;168;72;48;38;2;208;136;56m▀[48;2;128;32;80;38;2;168;72;48m▀[48;2;32;24;56;38;2;32;24;56m▀[38;2;128;32;80m▀[48;2;40;24;32;38;2;168;72;48m▀▀[38;2;208;136;56m▀▀[48;2;48;32;40;38;2;48;32;40m▀[49;39m                   [0m
[49;39m              [48;2;48;32;40;38;2;40;24;32m▀[48;2;56;48;128;38;2;56;48;128m▀[48;2;32;24;56;38;2;32;24;56m▀[48;2;56;48;128;38;2;56;48;128m▀[48;2;32;24;56;38;2;32;24;56m▀[48;2;168;72;48;38;2;208;136;56m▀[48;2;208;136;56m▀[38;2;168;72;48m▀[48;2;168;72;48;38;2;40;24;32m▀[48;2;40;24;32m▀▀▀▀▀[48;2;48;32;40m▀[49;39m                   [0m
[49;39m               [38;2;40;24;32m▀[48;2;40;24;32;38;2;32;24;56m▀[38;2;56;48;128m▀[48;2;32;24;56;38;2;32;24;56m▀[48;2;128;32;80;38;2;168;72;48m▀[48;2;168;72;48;38;2;208;136;56m▀[48;2;208;136;56m▀[48;2;168;72;48m▀[48;2;32;24;56;38;2;168;72;48m▀[48;2;48;32;40;38;2;40;24;32m▀▀[49m▀[38;2;48;32;40m▀[39m                    [0m
[16A[49;39m                  [38;2;48;32;40m▄[48;2;104;80;200m▀[48;2;104;168;248m▀[48;2;232;232;248;38;2;104;168;248m▀[48;2;32;24;56;38;2;104;80;200m▀[48;2;232;232;248;38;2;104;168;248m▀[48;2;32;24;56;38;2;104;80;200m▀[48;2;104;168;248;38;2;48;32;40m▀[49m▄[39m                     [0m
[49;39m                 [48;2;32;24;56;38;2;48;32;40m▀[48;2;104;168;248;38;2;104;80;200m▀[48;2;32;24;56;38;2;104;168;248m▀[48;2;216;200;176;38;2;32;24;56m▀[48;2;104;80;200;38;2;104;168;248m▀[48;2;32;24;56;38;2;32;24;56m▀[48;2;104;80;200;38;2;104;168;248m▀[48;2;32;24;56;38;2;32;24;56m▀[48;2;216;200;176;38;2;104;80;200m▀[48;2;32;24;56;38;2;32;24;56m▀[49;38;2;48;32;40m▄[39m                    [0m
[49;39m                [38;2;48;32;40m▀[48;2;48;32;40;38;2;176;144;88m▀[48;2;216;200;176;38;2;32;24;56m▀[48;2;32;24;56m▀[48;2;176;144;88;38;2;216;200;176m▀[48;2;216;200;176;38;2;232;232;248m▀[48;2;232;232;248;38;2;104;80;200m▀[38;2;32;24;56m▀[48;2;216;200;176;38;2;232;232;248m▀[48;2;176;144;88;38;2;216;200;176m▀[48;2;32;24;56;38;2;32;24;56m▀[48;2;176;144;88;38;2;216;200;176m▀[48;2;48;32;40;38;2;48;32;40m▀[49;39m                   [0m
[49;39m              [38;2;40;24;32m▄[48;2;208;136;56;38;2;48;32;40m▀[49m▄[48;2;208;136;56m▀[48;2;32;24;56m▀[38;2;176;144;88m▀[48;2;232;232;248;38;2;32;24;56m▀[48;2;32;24;56m▀[48;2;176;144;88;38;2;168;72;48m▀[48;2;232;232;248;38;2;176;144;88m▀[48;2;32;24;56;38;2;32;24;56m▀[48;2;232;232;248m▀[48;2;32;24;56m▀[48;2;40;24;32;38;2;48;32;40m▀[49;39m                    [0m
[49;39m              [48;2;40;24;32;38;2;40;24;32m▀[48;2;168;72;48;38;2;168;72;48m▀[38;2;32;24;56m▀[38;2;208;136;56m▀[38;2;168;72;48m▀[38;2;32;24;56m▀[48;2;32;24;56;38;2;168;72;48m▀[48;2;168;72;48;38;2;216;200;176m▀[48;2;216;200;176m▀[38;2;232;232;248m▀[48;2;168;72;48;38;2;216;200;176m▀[48;2;32;24;56;38;2;168;72;48m▀[48;2;56;48;128;38;2;32;24;56m▀[48;2;32;24;56;38;2;56;48;128m▀[48;2;40;24;32;38;2;40;24;32m▀[49;39m                   [0m
[49;39m               [48;2;40;24;32;38;2;40;24;32m▀[48;2;168;72;48;38;2;32;24;56m▀[38;2;168;72;48m▀▀▀[38;2;32;24;56m▀[48;2;32;24;56m▀▀▀[48;2;56;48;128m▀[38;2;56;48;128m▀[48;2;40;24;32m▀[48;2;176;144;88;38;2;40;24;32m▀[49m▄[39m                   [0m
[49;39m               [48;2;40;24;32;38;2;40;24;32m▀[48;2;32;24;56;38;2;32;24;56m▀[38;2;208;136;56m▀▀▀[48;2;168;72;48;38;2;168;72;48m▀[48;2;208;136;56;38;2;32;24;56m▀[48;2;32;24;56;38;2;208;136;56m▀[48;2;168;72;48;38;2;168;72;48m▀[48;2;40;24;32;38;2;32;24;56m▀[48;2;176;144;88;38;2;40;24;32m▀[48;2;216;200;176;38;2;176;144;88m▀[38;2;216;200;176m▀[48;2;40;24;32;38;2;40;24;32m▀[49;39m                   [0m
[49;39m               [48;2;40;24;32;38;2;40;24;32m▀[48;2;32;24;56;38;2;32;24;56m▀[48;2;216;200;176;38;2;216;200;176m▀▀[48;2;176;144;88;38;2;176;144;88m▀[48;2;32;24;56;38;2;32;24;56m▀▀[48;2;168;72;48;38;2;168;72;48m▀[48;2;208;136;56;38;2;208;136;56m▀[48;2;168;72;48;38;2;168;72;48m▀[38;2;40;24;32m▀[48;2;208;136;56m▀[48;2;40;24;32;38;2;216;200;176m▀[48;2;48;32;40;38;2;48;32;40m▀[49;39m                   [0m
[49;39m               [48;2;40;24;32;38;2;40;24;32m▀[48;2;56;48;128;38;2;56;48;128m▀[48;2;32;24;56;38;2;32;24;56m▀[38;2;176;144;88m▀[38;2;32;24;56m▀[48;2;128;32;80m▀▀[48;2;32;24;56;38;2;128;32;80m▀[48;2;40;24;32;38;2;168;72;48m▀[48;2;32;24;56;38;2;128;32;80m▀[48;2;128;32;80;38;2;168;72;48m▀[48;2;168;72;48m▀[48;2;32;24;56;38;2;208;136;56m▀[48;2;40;24;32;38;2;32;24;56m▀[49;39m                   [0m
[49;39m               [48;2;40;24;32;38;2;40;24;32m▀[48;2;56;48;128;38;2;56;48;128m▀▀[48;2;32;24;56;38;2;32;24;56m▀▀[48;2;128;32;80;38;2;128;32;80m▀▀[48;2;104;80;200m▀[48;2;128;32;80;38;2;32;24;56m▀[38;2;40;24;32m▀[48;2;104;80;200;38;2;32;24;56m▀[48;2;32;24;56m▀[48;2;56;48;128;38;2;56;48;128m▀[48;2;40;24;32;38;2;40;24;32m▀[49;39m                   [0m
[49;39m               [48;2;40;24;32;38;2;40;24;32m▀[48;2;56;48;128;38;2;56;48;128m▀▀[48;2;32;24;56;38;2;32;24;56m▀▀[48;2;128;32;80;38;2;128;32;80m▀[48;2;104;80;200;38;2;104;80;200m▀[48;2;128;32;80;38;2;128;32;80m▀[48;2;32;24;56;38;2;32;24;56m▀[48;2;104;80;200;38;2;104;80;200m▀[48;2;128;32;80m▀[48;2;32;24;56;38;2;32;24;56m▀[48;2;56;48;128;38;2;56;48;128m▀[48;2;40;24;32;38;2;40;24;32m▀[49;39m                   [0m
[49;39m              [48;2;40;24;32;38;2;40;24;32m▀[48;2;56;48;128;38;2;56;48;128m▀▀▀[48;2;32;24;56;38;2;32;24;56m▀[48;2;128;32;80;38;2;128;32;80m▀[48;2;104;80;200;38;2;104;80;200m▀▀[48;2;128;32;80;38;2;128;32;80m▀[48;2;32;24;56;38;2;32;24;56m▀[48;2;208;136;56;38;2;128;32;80m▀[48;2;168;72;48;38;2;32;24;56m▀[48;2;32;24;56m▀[48;2;40;24;32;38;2;56;48;128m▀[49;38;2;48;32;40m▀[39m                   [0m
[49;39m              [48;2;40;24;32;38;2;40;24;32m▀[48;2;56;48;128;38;2;56;48;128m▀[48;2;32;24;56m▀[48;2;56;48;128m▀[48;2;32;24;56;38;2;32;24;56m▀[38;2;128;32;80m▀[38;2;104;80;200m▀[38;2;128;32;80m▀[38;2;32;24;56m▀[48;2;128;32;80m▀[48;2;168;72;48;38;2;168;72;48m▀[48;2;208;136;56;38;2;128;32;80m▀[48;2;168;72;48;38;2;32;24;56m▀[48;2;40;24;32;38;2;48;32;40m▀[49;39m                    [0m
[49;39m              [48;2;40;24;32;38;2;40;24;32m▀[48;2;56;48;128;38;2;56;48;128m▀[48;2;32;24;56;38;2;32;24;56m▀[48;2;56;48;128;38;2;56;48;128m▀[48;2;32;24;56;38;2;32;24;56m▀[48;2;128;32;80;38;2;168;72;48m▀[48;2;168;72;48;38;2;208;136;56m▀[48;2;128;32;80;38;2;168;72;48m▀[48;2;32;24;56;38;2;32;24;56m▀[38;2;128;32;80m▀[48;2;40;24;32;38;2;168;72;48m▀▀[38;2;208;136;56m▀▀[48;2;48;32;40;38;2;48;32;40m▀[49;39m                   [0m
[49;39m              [48;2;48;32;40;38;2;40;24;32m▀[48;2;56;48;128;38;2;56;48;128m▀[48;2;32;24;56;38;2;32;24;56m▀[48;2;56;48;128;38;2;56;48;128m▀[48;2;32;24;56;38;2;32;24;56m▀[48;2;168;72;48;38;2;208;136;56m▀[48;2;208;136;56m▀[38;2;168;72;48m▀[48;2;168;72;48;38;2;40;24;32m▀[48;2;40;24;32m▀▀▀▀▀[48;2;48;32;40m▀[49;39m                   [0m
[49;39m               [38;2;40;24;32m▀[48;2;40;24;32;38;2;32;24;56m▀[38;2;56;48;128m▀[48;2;32;24;56;38;2;32;24;56m▀[48;2;128;32;80;38;2;168;72;48m▀[48;2;168;72;48;38;2;208;136;56m▀[48;2;208;136;56m▀[48;2;168;72;48m▀[48;2;32;24;56;38;2;168;72;48m▀[48;2;48;32;40;38;2;40;24;32m▀▀[49m▀[38;2;48;32;40m▀[39m                    [0m
[16A[49;39m                  [38;2;48;32;40m▄[48;2;104;80;200m▀[48;2;104;168;248m▀[48;2;232;232;248;38;2;104;168;248m▀[48;2;32;24;56;38;2;104;80;200m▀[48;2;232;232;248;38;2;104;168;248m▀[48;2;32;24;56;38;2;104;80;200m▀[48;2;104;168;248;38;2;48;32;40m▀[49m▄[39m                     [0m
[49;39m                [38;2;48;32;40m▄[48;2;176;144;88m▀[48;2;48;32;40;38;2;104;80;200m▀[48;2;32;24;56;38;2;104;168;248m▀[48;2;216;200;176;38;2;32;24;56m▀[48;2;104;80;200;38;2;104;168;248m▀[48;2;32;24;56;38;2;32;24;56m▀[48;2;104;80;200;38;2;104;168;248m▀[48;2;32;24;56;38;2;32;24;56m▀[48;2;216;200;176;38;2;104;80;200m▀[48;2;32;24;56;38;2;32;24;56m▀[49;38;2;48;32;40m▄[39m                    [0m
[49;39m               [48;2;48;32;40;38;2;48;32;40m▀[48;2;208;136;56;38;2;168;72;48m▀[48;2;48;32;40;38;2;48;32;40m▀[48;2;208;136;56;38;2;168;72;48m▀[48;2;32;24;56;38;2;32;24;56m▀[48;2;176;144;88;38;2;216;200;176m▀[48;2;216;200;176;38;2;232;232;248m▀[48;2;232;232;248;38;2;104;80;200m▀[38;2;32;24;56m▀[48;2;216;200;176;38;2;232;232;248m▀[48;2;176;144;88;38;2;216;200;176m▀[48;2;32;24;56;38;2;32;24;56m▀[48;2;176;144;88;38;2;216;200;176m▀[48;2;48;32;40;38;2;48;32;40m▀[49;39m                   [0m
[49;39m               [48;2;48;32;40;38;2;48;32;40m▀[48;2;208;136;56;38;2;208;136;56m▀▀[48;2;168;72;48;38;2;168;72;48m▀[48;2;32;24;56;38;2;32;24;56m▀[48;2;232;232;248m▀[48;2;32;24;56m▀[48;2;176;144;88;38;2;168;72;48m▀[48;2;232;232;248;38;2;176;144;88m▀[48;2;32;24;56;38;2;32;24;56m▀[48;2;232;232;248m▀[48;2;32;24;56m▀[48;2;40;24;32;38;2;48;32;40m▀[49;39m                    [0m
[49;39m               [38;2;48;32;40m▀[48;2;40;24;32;38;2;168;72;48m▀[48;2;168;72;48;38;2;208;136;56m▀[38;2;168;72;48m▀[38;2;32;24;56m▀[48;2;32;24;56;38;2;168;72;48m▀[48;2;168;72;48;38;2;216;200;176m▀[48;2;216;200;176m▀[38;2;232;232;248m▀[48;2;168;72;48;38;2;216;200;176m▀[48;2;32;24;56;38;2;168;72;48m▀[48;2;56;48;128;38;2;32;24;56m▀[48;2;32;24;56;38;2;56;48;128m▀[48;2;40;24;32;38;2;40;24;32m▀[49;39m                   [0m
[49;39m               [38;2;48;32;40m▄[48;2;32;24;56;38;2;40;24;32m▀[48;2;168;72;48;38;2;168;72;48m▀▀▀[48;2;32;24;56;38;2;32;24;56m▀▀[48;2;56;48;128m▀▀▀[38;2;56;48;128m▀[48;2;40;24;32m▀[48;2;176;144;88;38;2;40;24;32m▀[49m▄[39m                   [0m
[49;39m               [48;2;40;24;32;38;2;40;24;32m▀[48;2;32;24;56;38;2;32;24;56m▀[48;2;176;144;88m▀[48;2;32;24;56;38;2;208;136;56m▀[48;2;208;136;56;38;2;168;72;48m▀[48;2;168;72;48m▀[48;2;32;24;56;38;2;32;24;56m▀[48;2;208;136;56m▀[48;2;168;72;48m▀[48;2;32;24;56;38;2;56;48;128m▀[48;2;40;24;32m▀[48;2;176;144;88;38;2;40;24;32m▀[48;2;216;200;176;38;2;176;144;88m▀[48;2;40;24;32;38;2;40;24;32m▀[49;39m                   [0m
[49;39m               [48;2;40;24;32;38;2;40;24;32m▀[48;2;32;24;56;38;2;32;24;56m▀[48;2;216;200;176;38;2;216;200;176m▀[38;2;176;144;88m▀[48;2;176;144;88;38;2;32;24;56m▀[48;2;32;24;56;38;2;208;136;56m▀[38;2;168;72;48m▀[48;2;168;72;48;38;2;32;24;56m▀[48;2;208;136;56;38;2;168;72;48m▀[48;2;168;72;48;38;2;40;24;32m▀[48;2;40;24;32;38;2;176;144;88m▀[38;2;216;200;176m▀[48;2;216;200;176m▀[48;2;48;32;40;38;2;40;24;32m▀[49;39m                   [0m
[49;39m               [48;2;40;24;32;38;2;40;24;32m▀[48;2;56;48;128;38;2;56;48;128m▀[48;2;32;24;56;38;2;32;24;56m▀[38;2;176;144;88m▀[38;2;32;24;56m▀▀▀[48;2;128;32;80;38;2;168;72;48m▀[48;2;168;72;48;38;2;208;136;56m▀[48;2;128;32;80;38;2;168;72;48m▀[48;2;168;72;48m▀[38;2;208;136;56m▀[48;2;208;136;56;38;2;40;24;32m▀[48;2;32;24;56;38;2;48;32;40m▀[49;39m                   [0m
[49;39m               [48;2;40;24;32;38;2;40;24;32m▀[48;2;56;48;128;38;2;56;48;128m▀▀[48;2;32;24;56;38;2;32;24;56m▀▀[48;2;128;32;80;38;2;128;32;80m▀▀[48;2;104;80;200;38;2;32;24;56m▀[48;2;128;32;80;38;2;40;24;32m▀[38;2;32;24;56m▀[48;2;104;80;200;38;2;128;32;80m▀[48;2;32;24;56;38;2;168;72;48m▀[48;2;56;48;128;38;2;32;24;56m▀[48;2;40;24;32;38;2;40;24;32m▀[49;39m                   [0m
[49;39m               [48;2;40;24;32;38;2;40;24;32m▀[48;2;56;48;128;38;2;56;48;128m▀▀[48;2;32;24;56;38;2;32;24;56m▀▀[48;2;128;32;80;38;2;128;32;80m▀[48;2;104;80;200;38;2;104;80;200m▀[48;2;128;32;80;38;2;128;32;80m▀[48;2;32;24;56;38;2;32;24;56m▀[48;2;104;80;200;38;2;104;80;200m▀[48;2;128;32;80m▀[48;2;32;24;56;38;2;32;24;56m▀[48;2;56;48;128;38;2;56;48;128m▀[48;2;40;24;32;38;2;40;24;32m▀[49;39m                   [0m
[49;39m              [48;2;40;24;32;38;2;40;24;32m▀[48;2;56;48;128;38;2;56;48;128m▀▀▀[48;2;32;24;56;38;2;32;24;56m▀[48;2;128;32;80;38;2;128;32;80m▀[48;2;104;80;200;38;2;104;80;200m▀▀[48;2;128;32;80;38;2;128;32;80m▀[48;2;32;24;56;38;2;32;24;56m▀[48;2;208;136;56;38;2;128;32;80m▀[48;2;168;72;48;38;2;32;24;56m▀[48;2;32;24;56m▀[48;2;40;24;32;38;2;56;48;128m▀[49;38;2;48;32;40m▀[39m                   [0m
[49;39m              [48;2;40;24;32;38;2;40;24;32m▀[48;2;56;48;128;38;2;56;48;128m▀[48;2;32;24;56m▀[48;2;56;48;128m▀[48;2;32;24;56;38;2;32;24;56m▀[38;2;128;32;80m▀[38;2;104;80;200m▀[38;2;128;32;80m▀[38;2;32;24;56m▀[48;2;128;32;80m▀[48;2;168;72;48;38;2;168;72;48m▀[48;2;208;136;56;38;2;128;32;80m▀[48;2;168;72;48;38;2;32;24;56m▀[48;2;40;24;32;38;2;48;32;40m▀[49;39m                    [0m
[49;39m              [48;2;40;24;32;38;2;40;24;32m▀[48;2;56;48;128;38;2;56;48;128m▀[48;2;32;24;56;38;2;32;24;56m▀[48;2;56;48;128;38;2;56;48;128m▀[48;2;32;24;56;38;2;32;24;56m▀[48;2;128;32;80;38;2;168;72;48m▀[48;2;168;72;48;38;2;208;136;56m▀[48;2;128;32;80;38;2;168;72;48m▀[48;2;32;24;56;38;2;32;24;56m▀[38;2;128;32;80m▀[48;2;40;24;32;38;2;168;72;48m▀▀[38;2;208;136;56m▀▀[48;2;48;32;40;38;2;48;32;40m▀[49;39m                   [0m
[49;39m              [48;2;48;32;40;38;2;40;24;32m▀[48;2;56;48;128;38;2;56;48;128m▀[48;2;32;24;56;38;2;32;24;56m▀[48;2;56;48;128;38;2;56;48;128m▀[48;2;32;24;56;38;2;32;24;56m▀[48;2;168;72;48;38;2;208;136;56m▀[48;2;208;136;56m▀[38;2;168;72;48m▀[48;2;168;72;48;38;2;40;24;32m▀[48;2;40;24;32m▀▀▀▀▀[48;2;48;32;40m▀[49;39m                   [0m
[49;39m               [38;2;40;24;32m▀[48;2;40;24;32;38;2;32;24;56m▀[38;2;56;48;128m▀[48;2;32;24;56;38;2;32;24;56m▀[48;2;128;32;80;38;2;168;72;48m▀[48;2;168;72;48;38;2;208;136;56m▀[48;2;208;136;56m▀[48;2;168;72;48m▀[48;2;32;24;56;38;2;168;72;48m▀[48;2;48;32;40;38;2;40;24;32m▀▀[49m▀[38;2;48;32;40m▀[39m                    [0m
[16A[49;39m                  [38;2;48;32;40m▄[48;2;104;80;200m▀[48;2;104;168;248m▀[48;2;232;232;248;38;2;104;168;248m▀[48;2;32;24;56;38;2;104;80;200m▀[48;2;232;232;248;38;2;104;168;248m▀[48;2;32;24;56;38;2;104;80;200m▀[48;2;104;168;248;38;2;48;32;40m▀[49m▄[39m                     [0m
[49;39m                 [48;2;32;24;56;38;2;48;32;40m▀[48;2;104;168;248;38;2;104;80;200m▀[48;2;32;24;56;38;2;104;168;248m▀[48;2;216;200;176;38;2;32;24;56m▀[48;2;104;80;200;38;2;104;168;248m▀[48;2;32;24;56;38;2;32;24;56m▀[48;2;104;80;200;38;2;104;168;248m▀[48;2;32;24;56;38;2;32;24;56m▀[48;2;216;200;176;38;2;104;80;200m▀[48;2;32;24;56;38;2;32;24;56m▀[49;38;2;48;32;40m▄[39m                    [0m
[49;39m                [48;2;48;32;40;38;2;48;32;40m▀[38;2;176;144;88m▀[48;2;216;200;176;38;2;32;24;56m▀[48;2;32;24;56m▀[48;2;176;144;88;38;2;216;200;176m▀[48;2;216;200;176;38;2;232;232;248m▀[48;2;232;232;248;38;2;104;80;200m▀[38;2;32;24;56m▀[48;2;216;200;176;38;2;232;232;248m▀[48;2;176;144;88;38;2;216;200;176m▀[48;2;32;24;56;38;2;32;24;56m▀[48;2;176;144;88;38;2;216;200;176m▀[48;2;48;32;40;38;2;48;32;40m▀[49;39m                   [0m
[49;39m              [38;2;40;24;32m▄[48;2;168;72;48;38;2;48;32;40m▀[48;2;208;136;56;38;2;168;72;48m▀▀[48;2;168;72;48;38;2;32;24;56m▀[48;2;32;24;56m▀[48;2;232;232;248m▀[48;2;32;24;56m▀[48;2;176;144;88;38;2;168;72;48m▀[48;2;232;232;248;38;2;176;144;88m▀[48;2;32;24;56;38;2;32;24;56m▀[48;2;232;232;248m▀[48;2;32;24;56m▀[48;2;40;24;32;38;2;48;32;40m▀[49;39m                    [0m
[49;39m              [38;2;40;24;32m▀[48;2;40;24;32;38;2;168;72;48m▀[48;2;168;72;48m▀▀▀▀[48;2;32;24;56;38;2;32;24;56m▀[48;2;168;72;48;38;2;216;200;176m▀[48;2;216;200;176m▀[38;2;232;232;248m▀[48;2;168;72;48;38;2;216;200;176m▀[48;2;32;24;56;38;2;168;72;48m▀[48;2;56;48;128;38;2;32;24;56m▀[48;2;32;24;56;38;2;56;48;128m▀[48;2;40;24;32;38;2;40;24;32m▀[49;39m                   [0m
[49;39m               [48;2;40;24;32;38;2;40;24;32m▀[48;2;168;72;48;38;2;32;24;56m▀▀[38;2;168;72;48m▀▀[48;2;32;24;56;38;2;32;24;56m▀▀[48;2;56;48;128m▀▀▀[38;2;56;48;128m▀[48;2;40;24;32m▀[48;2;176;144;88;38;2;40;24;32m▀[49m▄[39m                   [0m
[49;39m               [48;2;40;24;32;38;2;48;32;40m▀[48;2;32;24;56;38;2;32;24;56m▀[48;2;176;144;88m▀[48;2;32;24;56;38;2;208;136;56m▀[48;2;208;136;56;38;2;168;72;48m▀[48;2;168;72;48m▀[48;2;32;24;56;38;2;32;24;56m▀[48;2;208;136;56m▀[48;2;168;72;48m▀[48;2;32;24;56;38;2;56;48;128m▀[48;2;40;24;32m▀[48;2;176;144;88;38;2;40;24;32m▀[48;2;216;200;176;38;2;176;144;88m▀[48;2;40;24;32;38;2;40;24;32m▀[49;39m                   [0m
[49;39m               [48;2;40;24;32;38;2;40;24;32m▀[48;2;32;24;56;38;2;32;24;56m▀[48;2;216;200;176;38;2;216;200;176m▀▀[48;2;176;144;88;38;2;32;24;56m▀[48;2;32;24;56;38;2;168;72;48m▀[38;2;208;136;56m▀[48;2;168;72;48;38;2;32;24;56m▀[48;2;208;136;56;38;2;168;72;48m▀[48;2;168;72;48;38;2;40;24;32m▀[48;2;40;24;32;38;2;176;144;88m▀[38;2;216;200;176m▀[48;2;216;200;176m▀[48;2;48;32;40;38;2;40;24;32m▀[49;39m                   [0m
[49;39m               [48;2;40;24;32;38;2;40;24;32m▀[48;2;56;48;128;38;2;56;48;128m▀[48;2;32;24;56;38;2;32;24;56m▀[38;2;176;144;88m▀[38;2;32;24;56m▀▀▀[48;2;128;32;80;38;2;168;72;48m▀[48;2;168;72;48;38;2;208;136;56m▀[48;2;128;32;80;38;2;168;72;48m▀[48;2;168;72;48m▀[38;2;208;136;56m▀[48;2;208;136;56;38;2;40;24;32m▀[48;2;32;24;56;38;2;48;32;40m▀[49;39m                   [0m
[49;39m               [48;2;40;24;32;38;2;40;24;32m▀[48;2;56;48;128;38;2;56;48;128m▀▀[48;2;32;24;56;38;2;32;24;56m▀▀[48;2;128;32;80;38;2;128;32;80m▀▀[48;2;104;80;200;38;2;32;24;56m▀[48;2;128;32;80;38;2;40;24;32m▀[38;2;32;24;56m▀[48;2;104;80;200;38;2;128;32;80m▀[48;2;32;24;56;38;2;168;72;48m▀[48;2;56;48;128;38;2;32;24;56m▀[48;2;40;24;32;38;2;40;24;32m▀[49;39m                   [0m
[49;39m               [48;2;40;24;32;38;2;40;24;32m▀[48;2;56;48;128;38;2;56;48;128m▀▀[48;2;32;24;56;38;2;32;24;56m▀▀[48;2;128;32;80;38;2;128;32;80m▀[48;2;104;80;200;38;2;104;80;200m▀[48;2;128;32;80;38;2;128;32;80m▀[48;2;32;24;56;38;2;32;24;56m▀[48;2;104;80;200;38;2;104;80;200m▀[48;2;128;32;80m▀[48;2;32;24;56;38;2;32;24;56m▀[48;2;56;48;128;38;2;56;48;128m▀[48;2;40;24;32;38;2;40;24;32m▀[49;39m                   [0m
[49;39m              [48;2;40;24;32;38;2;40;24;32m▀[48;2;56;48;128;38;2;56;48;128m▀▀▀[48;2;32;24;56;38;2;32;24;56m▀[48;2;128;32;80;38;2;128;32;80m▀[48;2;104;80;200;38;2;104;80;200m▀▀[48;2;128;32;80;38;2;128;32;80m▀[48;2;32;24;56;38;2;32;24;56m▀[48;2;208;136;56;38;2;128;32;80m▀[48;2;168;72;48;38;2;32;24;56m▀[48;2;32;24;56m▀[48;2;40;24;32;38;2;56;48;128m▀[49;38;2;48;32;40m▀[39m                   [0m
[49;39m              [48;2;40;24;32;38;2;40;24;32m▀[48;2;56;48;128;38;2;56;48;128m▀[48;2;32;24;56m▀[48;2;56;48;128m▀[48;2;32;24;56;38;2;32;24;56m▀[38;2;128;32;80m▀[38;2;104;80;200m▀[38;2;128;32;80m▀[38;2;32;24;56m▀[48;2;128;32;80m▀[48;2;168;72;48;38;2;168;72;48m▀[48;2;208;136;56;38;2;128;32;80m▀[48;2;168;72;48;38;2;32;24;56m▀[48;2;40;24;32;38;2;48;32;40m▀[49;39m                    [0m
[49;39m              [48;2;40;24;32;38;2;40;24;32m▀[48;2;56;48;128;38;2;56;48;128m▀[48;2;32;24;56;38;2;32;24;56m▀[48;2;56;48;128;38;2;56;48;128m▀[48;2;32;24;56;38;2;32;24;56m▀[48;2;128;32;80;38;2;168;72;48m▀[48;2;168;72;48;38;2;208;136;56m▀[48;2;128;32;80;38;2;168;72;48m▀[48;2;32;24;56;38;2;32;24;56m▀[38;2;128;32;80m▀[48;2;40;24;32;38;2;168;72;48m▀▀[38;2;208;136;56m▀▀[48;2;48;32;40;38;2;48;32;40m▀[49;39m                   [0m
[49;39m              [48;2;48;32;40;38;2;40;24;32m▀[48;2;56;48;128;38;2;56;48;128m▀[48;2;32;24;56;38;2;32;24;56m▀[48;2;56;48;128;38;2;56;48;128m▀[48;2;32;24;56;38;2;32;24;56m▀[48;2;168;72;48;38;2;208;136;56m▀[48;2;208;136;56m▀[38;2;168;72;48m▀[48;2;168;72;48;38;2;40;24;32m▀[48;2;40;24;32m▀▀▀▀▀[48;2;48;32;40m▀[49;39m                   [0m
[49;39m               [38;2;40;24;32m▀[48;2;40;24;32;38;2;32;24;56m▀[38;2;56;48;128m▀[48;2;32;24;56;38;2;32;24;56m▀[48;2;128;32;80;38;2;168;72;48m▀[48;2;168;72;48;38;2;208;136;56m▀[48;2;208;136;56m▀[48;2;168;72;48m▀[48;2;32;24;56;38;2;168;72;48m▀[48;2;48;32;40;38;2;40;24;32m▀▀[49m▀[38;2;48;32;40m▀[39m                    [0m
[16A[49;39m                  [38;2;48;32;40m▄[48;2;104;80;200m▀[48;2;104;168;248m▀[48;2;232;232;248;38;2;104;168;248m▀[48;2;32;24;56;38;2;104;80;200m▀[48;2;232;232;248;38;2;104;168;248m▀[48;2;32;24;56;38;2;104;80;200m▀[48;2;104;168;248;38;2;48;32;40m▀[49m▄[39m                     [0m
[49;39m                [38;2;48;32;40m▄[48;2;176;144;88m▀[48;2;48;32;40;38;2;104;80;200m▀[48;2;32;24;56;38;2;104;168;248m▀[48;2;216;200;176;38;2;32;24;56m▀[48;2;104;80;200;38;2;104;168;248m▀[48;2;32;24;56;38;2;32;24;56m▀[48;2;104;80;200;38;2;104;168;248m▀[48;2;32;24;56;38;2;32;24;56m▀[48;2;216;200;176;38;2;104;80;200m▀[48;2;32;24;56;38;2;32;24;56m▀[49;38;2;48;32;40m▄[39m                    [0m
[49;39m               [48;2;48;32;40;38;2;48;32;40m▀[48;2;208;136;56;38;2;168;72;48m▀[48;2;48;32;40;38;2;48;32;40m▀[48;2;208;136;56;38;2;168;72;48m▀[48;2;32;24;56;38;2;32;24;56m▀[48;2;176;144;88;38;2;216;200;176m▀[48;2;216;200;176;38;2;232;232;248m▀[48;2;232;232;248;38;2;104;80;200m▀[38;2;32;24;56m▀[48;2;216;200;176;38;2;232;232;248m▀[48;2;176;144;88;38;2;216;200;176m▀[48;2;32;24;56;38;2;32;24;56m▀[48;2;176;144;88;38;2;216;200;176m▀[48;2;48;32;40;38;2;48;32;40m▀[49;39m                   [0m
[49;39m               [48;2;48;32;40;38;2;48;32;40m▀[48;2;208;136;56;38;2;208;136;56m▀▀[48;2;168;72;48;38;2;168;72;48m▀[48;2;32;24;56;38;2;32;24;56m▀[48;2;232;232;248m▀[48;2;32;24;56m▀[48;2;176;144;88;38;2;168;72;48m▀[48;2;232;232;248;38;2;176;144;88m▀[48;2;32;24;56;38;2;32;24;56m▀[48;2;232;232;248m▀[48;2;32;24;56m▀[48;2;40;24;32;38;2;48;32;40m▀[49;39m                    [0m
[49;39m               [38;2;48;32;40m▀[48;2;40;24;32;38;2;168;72;48m▀[48;2;168;72;48;38;2;208;136;56m▀[38;2;168;72;48m▀[38;2;32;24;56m▀[48;2;32;24;56;38;2;168;72;48m▀[48;2;168;72;48;38;2;216;200;176m▀[48;2;216;200;176m▀[38;2;232;232;248m▀[48;2;168;72;48;38;2;216;200;176m▀[48;2;32;24;56;38;2;168;72;48m▀[48;2;56;48;128;38;2;32;24;56m▀[48;2;32;24;56;38;2;56;48;128m▀[48;2;40;24;32;38;2;40;24;32m▀[49;39m                   [0m
[49;39m               [38;2;48;32;40m▄[48;2;32;24;56;38;2;40;24;32m▀[48;2;168;72;48;38;2;168;72;48m▀▀▀[48;2;32;24;56;38;2;32;24;56m▀▀[48;2;56;48;128m▀▀▀[38;2;56;48;128m▀[48;2;40;24;32m▀[48;2;176;144;88;38;2;40;24;32m▀[49m▄[39m                   [0m
[49;39m               [48;2;40;24;32;38;2;40;24;32m▀[48;2;32;24;56;38;2;32;24;56m▀[48;2;176;144;88m▀[48;2;32;24;56;38;2;208;136;56m▀[48;2;208;136;56;38;2;168;72;48m▀[48;2;168;72;48m▀[48;2;32;24;56;38;2;32;24;56m▀[48;2;208;136;56m▀[48;2;168;72;48m▀[48;2;32;24;56;38;2;56;48;128m▀[48;2;40;24;32m▀[48;2;176;144;88;38;2;40;24;32m▀[48;2;216;200;176;38;2;176;144;88m▀[48;2;40;24;32;38;2;40;24;32m▀[49;39m                   [0m
[49;39m               [48;2;40;24;32;38;2;40;24;32m▀[48;2;32;24;56;38;2;32;24;56m▀[48;2;216;200;176;38;2;216;200;176m▀[38;2;176;144;88m▀[48;2;176;144;88;38;2;32;24;56m▀[48;2;32;24;56;38;2;208;136;56m▀[38;2;168;72;48m▀[48;2;168;72;48;38;2;32;24;56m▀[48;2;208;136;56;38;2;168;72;48m▀[48;2;168;72;48;38;2;40;24;32m▀[48;2;40;24;32;38;2;176;144;88m▀[38;2;216;200;176m▀[48;2;216;200;176m▀[48;2;48;32;40;38;2;40;24;32m▀[49;39m                   [0m
[49;39m               [48;2;40;24;32;38;2;40;24;32m▀[48;2;56;48;128;38;2;56;48;128m▀[48;2;32;24;56;38;2;32;24;56m▀[38;2;176;144;88m▀[38;2;32;24;56m▀▀▀[48;2;128;32;80;38;2;168;72;48m▀[48;2;168;72;48;38;2;208;136;56m▀[48;2;128;32;80;38;2;168;72;48m▀[48;2;168;72;48m▀[38;2;208;136;56m▀[48;2;208;136;56;38;2;40;24;32m▀[48;2;32;24;56;38;2;48;32;40m▀[49;39m                   [0m
[49;39m               [48;2;40;24;32;38;2;40;24;32m▀[48;2;56;48;128;38;2;56;48;128m▀▀[48;2;32;24;56;38;2;32;24;56m▀▀[48;2;128;32;80;38;2;128;32;80m▀▀[48;2;104;80;200;38;2;32;24;56m▀[48;2;128;32;80;38;2;40;24;32m▀[38;2;32;24;56m▀[48;2;104;80;200;38;2;128;32;80m▀[48;2;32;24;56;38;2;168;72;48m▀[48;2;56;48;128;38;2;32;24;56m▀[48;2;40;24;32;38;2;40;24;32m▀[49;39m                   [0m
[49;39m               [48;2;40;24;32;38;2;40;24;32m▀[48;2;56;48;128;38;2;56;48;128m▀▀[48;2;32;24;56;38;2;32;24;56m▀▀[48;2;128;32;80;38;2;128;32;80m▀[48;2;104;80;200;38;2;104;80;200m▀[48;2;128;32;80;38;2;128;32;80m▀[48;2;32;24;56;38;2;32;24;56m▀[48;2;104;80;200;38;2;104;80;200m▀[48;2;128;32;80m▀[48;2;32;24;56;38;2;32;24;56m▀[48;2;56;48;128;38;2;56;48;128m▀[48;2;40;24;32;38;2;40;24;32m▀[49;39m                   [0m
[49;39m              [48;2;40;24;32;38;2;40;24;32m▀[48;2;56;48;128;38;2;56;48;128m▀▀▀[48;2;32;24;56;38;2;32;24;56m▀[48;2;128;32;80;38;2;128;32;80m▀[48;2;104;80;200;38;2;104;80;200m▀▀[48;2;128;32;80;38;2;128;32;80m▀[48;2;32;24;56;38;2;32;24;56m▀[48;2;208;136;56;38;2;128;32;80m▀[48;2;168;72;48;38;2;32;24;56m▀[48;2;32;24;56m▀[48;2;40;24;32;38;2;56;48;128m▀[49;38;2;48;32;40m▀[39m                   [0m
[49;39m              [48;2;40;24;32;38;2;40;24;32m▀[48;2;56;48;128;38;2;56;48;128m▀[48;2;32;24;56m▀[48;2;56;48;128m▀[48;2;32;24;56;38;2;32;24;56m▀[38;2;128;32;80m▀[38;2;104;80;200m▀[38;2;128;32;80m▀[38;2;32;24;56m▀[48;2;128;32;80m▀[48;2;168;72;48;38;2;168;72;48m▀[48;2;208;136;56;38;2;128;32;80m▀[48;2;168;72;48;38;2;32;24;56m▀[48;2;40;24;32;38;2;48;32;40m▀[49;39m                    [0m
[49;39m              [48;2;40;24;32;38;2;40;24;32m▀[48;2;56;48;128;38;2;56;48;128m▀[48;2;32;24;56;38;2;32;24;56m▀[48;2;56;48;128;38;2;56;48;128m▀[48;2;32;24;56;38;2;32;24;56m▀[48;2;128;32;80;38;2;168;72;48m▀[48;2;168;72;48;38;2;208;136;56m▀[48;2;128;32;80;38;2;168;72;48m▀[48;2;32;24;56;38;2;32;24;56m▀[38;2;128;32;80m▀[48;2;40;24;32;38;2;168;72;48m▀▀[38;2;208;136;56m▀▀[48;2;48;32;40;38;2;48;32;40m▀[49;39m                   [0m
[49;39m              [48;2;48;32;40;38;2;40;24;32m▀[48;2;56;48;128;38;2;56;48;128m▀[48;2;32;24;56;38;2;32;24;56m▀[48;2;56;48;128;38;2;56;48;128m▀[48;2;32;24;56;38;2;32;24;56m▀[48;2;168;72;48;38;2;208;136;56m▀[48;2;208;136;56m▀[38;2;168;72;48m▀[48;2;168;72;48;38;2;40;24;32m▀[48;2;40;24;32m▀▀▀▀▀[48;2;48;32;40m▀[49;39m                   [0m
[49;39m               [38;2;40;24;32m▀[48;2;40;24;32;38;2;32;24;56m▀[38;2;56;48;128m▀[48;2;32;24;56;38;2;32;24;56m▀[48;2;128;32;80;38;2;168;72;48m▀[48;2;168;72;48;38;2;208;136;56m▀[48;2;208;136;56m▀[48;2;168;72;48m▀[48;2;32;24;56;38;2;168;72;48m▀[48;2;48;32;40;38;2;40;24;32m▀▀[49m▀[38;2;48;32;40m▀[39m                    [0m
[16A[49;39m                  [38;2;48;32;40m▄[48;2;104;80;200m▀[48;2;104;168;248m▀[48;2;232;232;248;38;2;104;168;248m▀[48;2;32;24;56;38;2;104;80;200m▀[48;2;232;232;248;38;2;104;168;248m▀[48;2;32;24;56;38;2;104;80;200m▀[48;2;104;168;248;38;2;48;32;40m▀[49m▄[39m                     [0m
[49;39m                 [48;2;32;24;56;38;2;48;32;40m▀[48;2;104;168;248;38;2;104;80;200m▀[48;2;32;24;56;38;2;104;168;248m▀[48;2;216;200;176;38;2;32;24;56m▀[48;2;104;80;200;38;2;104;168;248m▀[48;2;32;24;56;38;2;32;24;56m▀[48;2;104;80;200;38;2;104;168;248m▀[48;2;32;24;56;38;2;32;24;56m▀[48;2;216;200;176;38;2;104;80;200m▀[48;2;32;24;56;38;2;32;24;56m▀[49;38;2;48;32;40m▄[39m                    [0m
[49;39m                [48;2;48;32;40;38;2;48;32;40m▀[38;2;176;144;88m▀[48;2;216;200;176;38;2;32;24;56m▀[48;2;32;24;56m▀[48;2;176;144;88;38;2;216;200;176m▀[48;2;216;200;176;38;2;232;232;248m▀[48;2;232;232;248;38;2;104;80;200m▀[38;2;32;24;56m▀[48;2;216;200;176;38;2;232;232;248m▀[48;2;176;144;88;38;2;216;200;176m▀[48;2;32;24;56;38;2;32;24;56m▀[48;2;176;144;88;38;2;216;200;176m▀[48;2;48;32;40;38;2;48;32;40m▀[49;39m                   [0m
[49;39m              [38;2;40;24;32m▄[48;2;168;72;48;38;2;48;32;40m▀[48;2;208;136;56;38;2;168;72;48m▀▀[48;2;168;72;48;38;2;32;24;56m▀[48;2;32;24;56m▀[48;2;232;232;248m▀[48;2;32;24;56m▀[48;2;176;144;88;38;2;168;72;48m▀[48;2;232;232;248;38;2;176;144;88m▀[48;2;32;24;56;38;2;32;24;56m▀[48;2;232;232;248m▀[48;2;32;24;56m▀[48;2;40;24;32;38;2;48;32;40m▀[49;39m                    [0m
[49;39m              [38;2;40;24;32m▀[48;2;40;24;32;38;2;168;72;48m▀[48;2;168;72;48m▀▀▀▀[48;2;32;24;56;38;2;32;24;56m▀[48;2;168;72;48;38;2;216;200;176m▀[48;2;216;200;176m▀[38;2;232;232;248m▀[48;2;168;72;48;38;2;216;200;176m▀[48;2;32;24;56;38;2;168;72;48m▀[48;2;56;48;128;38;2;32;24;56m▀[48;2;32;24;56;38;2;56;48;128m▀[48;2;40;24;32;38;2;40;24;32m▀[49;39m                   [0m
[49;39m               [48;2;40;24;32;38;2;40;24;32m▀[48;2;168;72;48;38;2;32;24;56m▀▀[38;2;168;72;48m▀▀[48;2;32;24;56;38;2;32;24;56m▀▀[48;2;56;48;128m▀▀▀[38;2;56;48;128m▀[48;2;40;24;32m▀[48;2;176;144;88;38;2;40;24;32m▀[49m▄[39m                   [0m
[49;39m               [48;2;40;24;32;38;2;48;32;40m▀[48;2;32;24;56;38;2;32;24;56m▀[48;2;176;144;88m▀[48;2;32;24;56;38;2;208;136;56m▀[48;2;208;136;56;38;2;168;72;48m▀[48;2;168;72;48m▀[48;2;32;24;56;38;2;32;24;56m▀[48;2;208;136;56m▀[48;2;168;72;48m▀[48;2;32;24;56;38;2;56;48;128m▀[48;2;40;24;32m▀[48;2;176;144;88;38;2;40;24;32m▀[48;2;216;200;176;38;2;176;144;88m▀[48;2;40;24;32;38;2;40;24;32m▀[49;39m                   [0m
[49;39m               [48;2;40;24;32;38;2;40;24;32m▀[48;2;32;24;56;38;2;32;24;56m▀[48;2;216;200;176;38;2;216;200;176m▀▀[48;2;176;144;88;38;2;32;24;56m▀[48;2;32;24;56;38;2;168;72;48m▀[38;2;208;136;56m▀[48;2;168;72;48;38;2;32;24;56m▀[48;2;208;136;56;38;2;168;72;48m▀[48;2;168;72;48;38;2;40;24;32m▀[48;2;40;24;32;38;2;176;144;88m▀[38;2;216;200;176m▀[48;2;216;200;176m▀[48;2;48;32;40;38;2;40;24;32m▀[49;39m                   [0m
[49;39m               [48;2;40;24;32;38;2;40;24;32m▀[48;2;56;48;128;38;2;56;48;128m▀[48;2;32;24;56;38;2;32;24;56m▀[38;2;176;144;88m▀[38;2;32;24;56m▀▀▀[48;2;128;32;80;38;2;168;72;48m▀[48;2;168;72;48;38;2;208;136;56m▀[48;2;128;32;80;38;2;168;72;48m▀[48;2;168;72;48m▀[38;2;208;136;56m▀[48;2;208;136;56;38;2;40;24;32m▀[48;2;32;24;56;38;2;48;32;40m▀[49;39m                   [0m
[49;39m               [48;2;40;24;32;38;2;40;24;32m▀[48;2;56;48;128;38;2;56;48;128m▀▀[48;2;32;24;56;38;2;32;24;56m▀▀[48;2;128;32;80;38;2;128;32;80m▀▀[48;2;104;80;200;38;2;32;24;56m▀[48;2;128;32;80;38;2;40;24;32m▀[38;2;32;24;56m▀[48;2;104;80;200;38;2;128;32;80m▀[48;2;32;24;56;38;2;168;72;48m▀[48;2;56;48;128;38;2;32;24;56m▀[48;2;40;24;32;38;2;40;24;32m▀[49;39m                   [0m
[49;39m               [48;2;40;24;32;38;2;40;24;32m▀[48;2;56;48;128;38;2;56;48;128m▀▀[48;2;32;24;56;38;2;32;24;56m▀▀[48;2;128;32;80;38;2;128;32;80m▀[48;2;104;80;200;38;2;104;80;200m▀[48;2;128;32;80;38;2;128;32;80m▀[48;2;32;24;56;38;2;32;24;56m▀[48;2;104;80;200;38;2;104;80;200m▀[48;2;128;32;80m▀[48;2;32;24;56;38;2;32;24;56m▀[48;2;56;48;128;38;2;56;48;128m▀[48;2;40;24;32;38;2;40;24;32m▀[49;39m                   [0m
[49;39m              [48;2;40;24;32;38;2;40;24;32m▀[48;2;56;48;128;38;2;56;48;128m▀▀▀[48;2;32;24;56;38;2;32;24;56m▀[48;2;128;32;80;38;2;128;32;80m▀[48;2;104;80;200;38;2;104;80;200m▀▀[48;2;128;32;80;38;2;128;32;80m▀[48;2;32;24;56;38;2;32;24;56m▀[48;2;208;136;56;38;2;128;32;80m▀[48;2;168;72;48;38;2;32;24;56m▀[48;2;32;24;56m▀[48;2;40;24;32;38;2;56;48;128m▀[49;38;2;48;32;40m▀[39m                   [0m
[49;39m              [48;2;40;24;32;38;2;40;24;32m▀[48;2;56;48;128;38;2;56;48;128m▀[48;2;32;24;56m▀[48;2;56;48;128m▀[48;2;32;24;56;38;2;32;24;56m▀[38;2;128;32;80m▀[38;2;104;80;200m▀[38;2;128;32;80m▀[38;2;32;24;56m▀[48;2;128;32;80m▀[48;2;168;72;48;38;2;168;72;48m▀[48;2;208;136;56;38;2;128;32;80m▀[48;2;168;72;48;38;2;32;24;56m▀[48;2;40;24;32;38;2;48;32;40m▀[49;39m                    [0m
[49;39m              [48;2;40;24;32;38;2;40;24;32m▀[48;2;56;48;128;38;2;56;48;128m▀[48;2;32;24;56;38;2;32;24;56m▀[48;2;56;48;128;38;2;56;48;128m▀[48;2;32;24;56;38;2;32;24;56m▀[48;2;128;32;80;38;2;168;72;48m▀[48;2;168;72;48;38;2;208;136;56m▀[48;2;128;32;80;38;2;168;72;48m▀[48;2;32;24;56;38;2;32;24;56m▀[38;2;128;32;80m▀[48;2;40;24;32;38;2;168;72;48m▀▀[38;2;208;136;56m▀▀[48;2;48;32;40;38;2;48;32;40m▀[49;39m                   [0m
[49;39m              [48;2;48;32;40;38;2;40;24;32m▀[48;2;56;48;128;38;2;56;48;128m▀[48;2;32;24;56;38;2;32;24;56m▀[48;2;56;48;128;38;2;56;48;128m▀[48;2;32;24;56;38;2;32;24;56m▀[48;2;168;72;48;38;2;208;136;56m▀[48;2;208;136;56m▀[38;2;168;72;48m▀[48;2;168;72;48;38;2;40;24;32m▀[48;2;40;24;32m▀▀▀▀▀[48;2;48;32;40m▀[49;39m                   [0m
[49;39m               [38;2;40;24;32m▀[48;2;40;24;32;38;2;32;24;56m▀[38;2;56;48;128m▀[48;2;32;24;56;38;2;32;24;56m▀[48;2;128;32;80;38;2;168;72;48m▀[48;2;168;72;48;38;2;208;136;56m▀[48;2;208;136;56m▀[48;2;168;72;48m▀[48;2;32;24;56;38;2;168;72;48m▀[48;2;48;32;40;38;2;40;24;32m▀▀[49m▀[38;2;48;32;40m▀[39m                    [0m
[16A[49;39m                  [38;2;48;32;40m▄[48;2;104;80;200m▀[48;2;104;168;248m▀[48;2;232;232;248;38;2;104;168;248m▀[48;2;32;24;56;38;2;104;80;200m▀[48;2;232;232;248;38;2;104;168;248m▀[48;2;32;24;56;38;2;104;80;200m▀[48;2;104;168;248;38;2;48;32;40m▀[49m▄[39m                     [0m
[49;39m                 [48;2;32;24;56;38;2;48;32;40m▀[48;2;104;168;248;38;2;104;80;200m▀[48;2;32;24;56;38;2;104;168;248m▀[48;2;216;200;176;38;2;32;24;56m▀[48;2;104;80;200;38;2;104;168;248m▀[48;2;32;24;56;38;2;32;24;56m▀[48;2;104;80;200;38;2;104;168;248m▀[48;2;32;24;56;38;2;32;24;56m▀[48;2;216;200;176;38;2;104;80;200m▀[48;2;32;24;56;38;2;32;24;56m▀[49;38;2;48;32;40m▄[39m                    [0m
[49;39m                [38;2;48;32;40m▀[48;2;48;32;40;38;2;176;144;88m▀[48;2;216;200;176;38;2;32;24;56m▀[48;2;32;24;56m▀[48;2;176;144;88;38;2;216;200;176m▀[48;2;216;200;176;38;2;232;232;248m▀[48;2;232;232;248;38;2;104;80;200m▀[38;2;32;24;56m▀[48;2;216;200;176;38;2;232;232;248m▀[48;2;176;144;88;38;2;216;200;176m▀[48;2;32;24;56;38;2;32;24;56m▀[48;2;176;144;88;38;2;216;200;176m▀[48;2;48;32;40;38;2;48;32;40m▀[49;39m                   [0m
[49;39m              [38;2;40;24;32m▄[48;2;208;136;56;38;2;48;32;40m▀[49m▄[48;2;208;136;56m▀[48;2;32;24;56m▀[38;2;176;144;88m▀[48;2;232;232;248;38;2;32;24;56m▀[48;2;32;24;56m▀[48;2;176;144;88;38;2;168;72;48m▀[48;2;232;232;248;38;2;176;144;88m▀[48;2;32;24;56;38;2;32;24;56m▀[48;2;232;232;248m▀[48;2;32;24;56m▀[48;2;40;24;32;38;2;48;32;40m▀[49;39m                    [0m
[49;39m              [48;2;40;24;32;38;2;40;24;32m▀[48;2;168;72;48;38;2;168;72;48m▀[38;2;32;24;56m▀[38;2;208;136;56m▀[38;2;168;72;48m▀[38;2;32;24;56m▀[48;2;32;24;56;38;2;168;72;48m▀[48;2;168;72;48;38;2;216;200;176m▀[48;2;216;200;176m▀[38;2;232;232;248m▀[48;2;168;72;48;38;2;216;200;176m▀[48;2;32;24;56;38;2;168;72;48m▀[48;2;56;48;128;38;2;32;24;56m▀[48;2;32;24;56;38;2;56;48;128m▀[48;2;40;24;32;38;2;40;24;32m▀[49;39m                   [0m
[49;39m               [48;2;40;24;32;38;2;40;24;32m▀[48;2;168;72;48;38;2;32;24;56m▀[38;2;168;72;48m▀▀▀[38;2;32;24;56m▀[48;2;32;24;56m▀▀▀[48;2;56;48;128m▀[38;2;56;48;128m▀[48;2;40;24;32m▀[48;2;176;144;88;38;2;40;24;32m▀[49m▄[39m                   [0m
[49;39m               [48;2;40;24;32;38;2;40;24;32m▀[48;2;32;24;56;38;2;32;24;56m▀[38;2;208;136;56m▀▀▀[48;2;168;72;48;38;2;168;72;48m▀[48;2;208;136;56;38;2;32;24;56m▀[48;2;32;24;56;38;2;208;136;56m▀[48;2;168;72;48;38;2;168;72;48m▀[48;2;40;24;32;38;2;32;24;56m▀[48;2;176;144;88;38;2;40;24;32m▀[48;2;216;200;176;38;2;176;144;88m▀[38;2;216;200;176m▀[48;2;40;24;32;38;2;40;24;32m▀[49;39m                   [0m
[49;39m               [48;2;40;24;32;38;2;40;24;32m▀[48;2;32;24;56;38;2;32;24;56m▀[48;2;216;200;176;38;2;216;200;176m▀▀[48;2;176;144;88;38;2;176;144;88m▀[48;2;32;24;56;38;2;32;24;56m▀▀[48;2;168;72;48;38;2;168;72;48m▀[48;2;208;136;56;38;2;208;136;56m▀[48;2;168;72;48;38;2;168;72;48m▀[38;2;40;24;32m▀[48;2;208;136;56m▀[48;2;40;24;32;38;2;216;200;176m▀[48;2;48;32;40;38;2;48;32;40m▀[49;39m                   [0m
[49;39m               [48;2;40;24;32;38;2;40;24;32m▀[48;2;56;48;128;38;2;56;48;128m▀[48;2;32;24;56;38;2;32;24;56m▀[38;2;176;144;88m▀[38;2;32;24;56m▀[48;2;128;32;80m▀▀[48;2;32;24;56;38;2;128;32;80m▀[48;2;40;24;32;38;2;168;72;48m▀[48;2;32;24;56;38;2;128;32;80m▀[48;2;128;32;80;38;2;168;72;48m▀[48;2;168;72;48m▀[48;2;32;24;56;38;2;208;136;56m▀[48;2;40;24;32;38;2;32;24;56m▀[49;39m                   [0m
[49;39m               [48;2;40;24;32;38;2;40;24;32m▀[48;2;56;48;128;38;2;56;48;128m▀▀[48;2;32;24;56;38;2;32;24;56m▀▀[48;2;128;32;80;38;2;128;32;80m▀▀[48;2;104;80;200m▀[48;2;128;32;80;38;2;32;24;56m▀[38;2;40;24;32m▀[48;2;104;80;200;38;2;32;24;56m▀[48;2;32;24;56m▀[48;2;56;48;128;38;2;56;48;128m▀[48;2;40;24;32;38;2;40;24;32m▀[49;39m                   [0m
[49;39m               [48;2;40;24;32;38;2;40;24;32m▀[48;2;56;48;128;38;2;56;48;128m▀▀[48;2;32;24;56;38;2;32;24;56m▀▀[48;2;128;32;80;38;2;128;32;80m▀[48;2;104;80;200;38;2;104;80;200m▀[48;2;128;32;80;38;2;128;32;80m▀[48;2;32;24;56;38;2;32;24;56m▀[48;2;104;80;200;38;2;104;80;200m▀[48;2;128;32;80m▀[48;2;32;24;56;38;2;32;24;56m▀[48;2;56;48;128;38;2;56;48;128m▀[48;2;40;24;32;38;2;40;24;32m▀[49;39m                   [0m
[49;39m              [48;2;40;24;32;38;2;40;24;32m▀[48;2;56;48;128;38;2;56;48;128m▀▀▀[48;2;32;24;56;38;2;32;24;56m▀[48;2;128;32;80;38;2;128;32;80m▀[48;2;104;80;200;38;2;104;80;200m▀▀[48;2;128;32;80;38;2;128;32;80m▀[48;2;32;24;56;38;2;32;24;56m▀[48;2;208;136;56;38;2;128;32;80m▀[48;2;168;72;48;38;2;32;24;56m▀[48;2;32;24;56m▀[48;2;40;24;32;38;2;56;48;128m▀[49;38;2;48;32;40m▀[39m                   [0m
[49;39m              [48;2;40;24;32;38;2;40;24;32m▀[48;2;56;48;128;38;2;56;48;128m▀[48;2;32;24;56m▀[48;2;56;48;128m▀[48;2;32;24;56;38;2;32;24;56m▀[38;2;128;32;80m▀[38;2;104;80;200m▀[38;2;128;32;80m▀[38;2;32;24;56m▀[48;2;128;32;80m▀[48;2;168;72;48;38;2;168;72;48m▀[48;2;208;136;56;38;2;128;32;80m▀[48;2;168;72;48;38;2;32;24;56m▀[48;2;40;24;32;38;2;48;32;40m▀[49;39m                    [0m
[49;39m              [48;2;40;24;32;38;2;40;24;32m▀[48;2;56;48;128;38;2;56;48;128m▀[48;2;32;24;56;38;2;32;24;56m▀[48;2;56;48;128;38;2;56;48;128m▀[48;2;32;24;56;38;2;32;24;56m▀[48;2;128;32;80;38;2;168;72;48m▀[48;2;168;72;48;38;2;208;136;56m▀[48;2;128;32;80;38;2;168;72;48m▀[48;2;32;24;56;38;2;32;24;56m▀[38;2;128;32;80m▀[48;2;40;24;32;38;2;168;72;48m▀▀[38;2;208;136;56m▀▀[48;2;48;32;40;38;2;48;32;40m▀[49;39m                   [0m
[49;39m              [48;2;48;32;40;38;2;40;24;32m▀[48;2;56;48;128;38;2;56;48;128m▀[48;2;32;24;56;38;2;32;24;56m▀[48;2;56;48;128;38;2;56;48;128m▀[48;2;32;24;56;38;2;32;24;56m▀[48;2;168;72;48;38;2;208;136;56m▀[48;2;208;136;56m▀[38;2;168;72;48m▀[48;2;168;72;48;38;2;40;24;32m▀[48;2;40;24;32m▀▀▀▀▀[48;2;48;32;40m▀[49;39m                   [0m
[49;39m               [38;2;40;24;32m▀[48;2;40;24;32;38;2;32;24;56m▀[38;2;56;48;128m▀[48;2;32;24;56;38;2;32;24;56m▀[48;2;128;32;80;38;2;168;72;48m▀[48;2;168;72;48;38;2;208;136;56m▀[48;2;208;136;56m▀[48;2;168;72;48m▀[48;2;32;24;56;38;2;168;72;48m▀[48;2;48;32;40;38;2;40;24;32m▀▀[49m▀[38;2;48;32;40m▀[39m                    [0m
[16A[49;39m                  [38;2;48;32;40m▄[48;2;104;80;200m▀[48;2;104;168;248m▀[48;2;232;232;248;38;2;104;168;248m▀[48;2;32;24;56;38;2;104;80;200m▀[48;2;232;232;248;38;2;104;168;248m▀[48;2;32;24;56;38;2;104;80;200m▀[48;2;104;168;248;38;2;48;32;40m▀[49m▄[39m                     [0m
[49;39m                 [48;2;32;24;56;38;2;48;32;40m▀[48;2;104;168;248;38;2;104;80;200m▀[48;2;32;24;56;38;2;104;168;248m▀[48;2;216;200;176;38;2;32;24;56m▀[48;2;104;80;200;38;2;104;168;248m▀[48;2;32;24;56;38;2;32;24;56m▀[48;2;104;80;200;38;2;104;168;248m▀[48;2;32;24;56;38;2;32;24;56m▀[48;2;216;200;176;38;2;104;80;200m▀[48;2;32;24;56;38;2;32;24;56m▀[49;38;2;48;32;40m▄[39m                    [0m
[49;39m                [48;2;48;32;40;38;2;48;32;40m▀[48;2;216;200;176;38;2;216;200;176m▀[48;2;176;144;88;38;2;32;24;56m▀[48;2;32;24;56m▀[48;2;176;144;88;38;2;216;200;176m▀[48;2;216;200;176;38;2;232;232;248m▀[48;2;232;232;248;38;2;104;80;200m▀[38;2;32;24;56m▀[48;2;216;200;176;38;2;232;232;248m▀[48;2;176;144;88;38;2;216;200;176m▀[48;2;32;24;56;38;2;32;24;56m▀[48;2;176;144;88;38;2;216;200;176m▀[48;2;48;32;40;38;2;48;32;40m▀[49;39m                   [0m
[49;39m               [48;2;40;24;32;38;2;48;32;40m▀[48;2;104;168;248;38;2;104;80;200m▀[48;2;32;24;56;38;2;32;24;56m▀[38;2;216;200;176m▀[38;2;32;24;56m▀[48;2;232;232;248m▀[48;2;32;24;56m▀[48;2;176;144;88;38;2;168;72;48m▀[48;2;232;232;248;38;2;176;144;88m▀[48;2;32;24;56;38;2;32;24;56m▀[48;2;232;232;248m▀[48;2;32;24;56m▀[48;2;40;24;32;38;2;48;32;40m▀[49;39m                    [0m
[49;39m               [48;2;48;32;40;38;2;40;24;32m▀[48;2;56;48;128;38;2;56;48;128m▀[48;2;32;24;56m▀▀[48;2;56;48;128;38;2;32;24;56m▀[48;2;32;24;56;38;2;168;72;48m▀[48;2;168;72;48;38;2;216;200;176m▀[48;2;216;200;176m▀[38;2;232;232;248m▀[48;2;168;72;48;38;2;216;200;176m▀[48;2;32;24;56;38;2;168;72;48m▀[48;2;56;48;128;38;2;32;24;56m▀[48;2;32;24;56;38;2;56;48;128m▀[48;2;40;24;32;38;2;40;24;32m▀[49;39m                   [0m
[49;39m              [48;2;40;24;32;38;2;48;32;40m▀[48;2;56;48;128;38;2;40;24;32m▀[48;2;128;32;80;38;2;32;24;56m▀[48;2;216;200;176;38;2;176;144;88m▀[48;2;128;32;80;38;2;128;32;80m▀[48;2;32;24;56;38;2;56;48;128m▀▀[48;2;56;48;128;38;2;32;24;56m▀▀▀▀[38;2;56;48;128m▀[48;2;40;24;32m▀[48;2;216;200;176;38;2;40;24;32m▀[48;2;40;24;32m▀[49;39m                   [0m
[49;39m              [48;2;40;24;32;38;2;40;24;32m▀[48;2;176;144;88;38;2;32;24;56m▀[48;2;216;200;176;38;2;216;200;176m▀▀[48;2;128;32;80;38;2;176;144;88m▀[48;2;32;24;56;38;2;32;24;56m▀[48;2;128;32;80;38;2;168;72;48m▀[48;2;168;72;48;38;2;32;24;56m▀[48;2;208;136;56m▀[48;2;232;232;248m▀▀[48;2;208;136;56;38;2;40;24;32m▀[48;2;32;24;56;38;2;168;72;48m▀[48;2;168;72;48;38;2;40;24;32m▀[48;2;40;24;32m▀[49;39m                   [0m
[49;39m              [48;2;40;24;32;38;2;40;24;32m▀[48;2;32;24;56;38;2;216;200;176m▀[48;2;168;72;48m▀[38;2;176;144;88m▀[48;2;208;136;56;38;2;168;72;48m▀[48;2;128;32;80;38;2;32;24;56m▀[48;2;32;24;56m▀[38;2;168;72;48m▀[38;2;208;136;56m▀[48;2;128;32;80;38;2;32;24;56m▀[48;2;32;24;56m▀[48;2;40;24;32;38;2;168;72;48m▀[48;2;32;24;56;38;2;32;24;56m▀[48;2;208;136;56;38;2;208;136;56m▀[48;2;168;72;48;38;2;168;72;48m▀[48;2;40;24;32;38;2;48;32;40m▀[49;39m                  [0m
[49;39m              [48;2;40;24;32;38;2;40;24;32m▀[48;2;56;48;128;38;2;32;24;56m▀[48;2;32;24;56;38;2;208;136;56m▀[48;2;128;32;80m▀[48;2;168;72;48;38;2;168;72;48m▀[48;2;208;136;56;38;2;208;136;56m▀[48;2;32;24;56;38;2;168;72;48m▀[38;2;32;24;56m▀[38;2;168;72;48m▀[48;2;168;72;48;38;2;208;136;56m▀[48;2;208;136;56;38;2;232;232;248m▀[48;2;40;24;32;38;2;168;72;48m▀[48;2;32;24;56;38;2;32;24;56m▀[38;2;168;72;48m▀[48;2;40;24;32;38;2;32;24;56m▀[49;39m                   [0m
[49;39m              [48;2;40;24;32;38;2;40;24;32m▀[48;2;56;48;128;38;2;56;48;128m▀▀[48;2;32;24;56;38;2;32;24;56m▀[38;2;168;72;48m▀[48;2;168;72;48;38;2;208;136;56m▀[48;2;128;32;80;38;2;32;24;56m▀[48;2;104;80;200;38;2;128;32;80m▀▀[48;2;128;32;80;38;2;32;24;56m▀[38;2;40;24;32m▀[48;2;104;80;200;38;2;128;32;80m▀[48;2;32;24;56;38;2;32;24;56m▀[48;2;56;48;128;38;2;56;48;128m▀[48;2;40;24;32;38;2;40;24;32m▀[49;39m                   [0m
[49;39m              [48;2;40;24;32;38;2;40;24;32m▀[48;2;56;48;128;38;2;56;48;128m▀▀[48;2;32;24;56;38;2;32;24;56m▀▀▀[48;2;128;32;80;38;2;128;32;80m▀[48;2;104;80;200;38;2;104;80;200m▀[48;2;128;32;80;38;2;128;32;80m▀[48;2;32;24;56;38;2;32;24;56m▀[48;2;104;80;200;38;2;104;80;200m▀[48;2;128;32;80m▀[48;2;32;24;56;38;2;32;24;56m▀[48;2;56;48;128;38;2;56;48;128m▀[48;2;40;24;32;38;2;40;24;32m▀[49;39m                   [0m
[49;39m              [48;2;40;24;32;38;2;40;24;32m▀[48;2;56;48;128;38;2;56;48;128m▀▀[48;2;32;24;56;38;2;32;24;56m▀▀[48;2;128;32;80;38;2;128;32;80m▀[48;2;104;80;200;38;2;104;80;200m▀▀[48;2;128;32;80;38;2;128;32;80m▀[48;2;32;24;56;38;2;32;24;56m▀[48;2;208;136;56;38;2;128;32;80m▀[48;2;168;72;48;38;2;32;24;56m▀[48;2;32;24;56m▀[48;2;40;24;32;38;2;56;48;128m▀[49;38;2;48;32;40m▀[39m                   [0m
[49;39m              [48;2;40;24;32;38;2;40;24;32m▀[48;2;56;48;128;38;2;56;48;128m▀[48;2;32;24;56m▀[48;2;56;48;128m▀[48;2;32;24;56;38;2;32;24;56m▀[38;2;128;32;80m▀[38;2;104;80;200m▀[38;2;128;32;80m▀[38;2;32;24;56m▀[48;2;128;32;80m▀[48;2;168;72;48;38;2;168;72;48m▀[48;2;208;136;56;38;2;128;32;80m▀[48;2;168;72;48;38;2;32;24;56m▀[48;2;40;24;32;38;2;48;32;40m▀[49;39m                    [0m
[49;39m              [48;2;40;24;32;38;2;40;24;32m▀[48;2;56;48;128;38;2;56;48;128m▀[48;2;32;24;56;38;2;32;24;56m▀[48;2;56;48;128;38;2;56;48;128m▀[48;2;32;24;56;38;2;32;24;56m▀[48;2;128;32;80;38;2;168;72;48m▀[48;2;168;72;48;38;2;208;136;56m▀[48;2;128;32;80;38;2;168;72;48m▀[48;2;32;24;56;38;2;32;24;56m▀[38;2;128;32;80m▀[48;2;40;24;32;38;2;168;72;48m▀▀[38;2;208;136;56m▀▀[48;2;48;32;40;38;2;48;32;40m▀[49;39m                   [0m
[49;39m              [48;2;48;32;40;38;2;40;24;32m▀[48;2;56;48;128;38;2;56;48;128m▀[48;2;32;24;56;38;2;32;24;56m▀[48;2;56;48;128;38;2;56;48;128m▀[48;2;32;24;56;38;2;32;24;56m▀[48;2;168;72;48;38;2;208;136;56m▀[48;2;208;136;56m▀[38;2;168;72;48m▀[48;2;168;72;48;38;2;40;24;32m▀[48;2;40;24;32m▀▀▀▀▀[48;2;48;32;40m▀[49;39m                   [0m
[49;39m               [38;2;40;24;32m▀[48;2;40;24;32;38;2;32;24;56m▀[38;2;56;48;128m▀[48;2;32;24;56;38;2;32;24;56m▀[48;2;128;32;80;38;2;168;72;48m▀[48;2;168;72;48;38;2;208;136;56m▀[48;2;208;136;56m▀[48;2;168;72;48m▀[48;2;32;24;56;38;2;168;72;48m▀[48;2;48;32;40;38;2;40;24;32m▀▀[49m▀[38;2;48;32;40m▀[39m                    [0m
[16A[49;39m                   [38;2;48;32;40m▄[48;2;104;168;248m▀[48;2;232;232;248;38;2;104;168;248m▀[48;2;32;24;56;38;2;104;80;200m▀[48;2;232;232;248;38;2;104;168;248m▀[48;2;32;24;56;38;2;104;80;200m▀[48;2;104;168;248;38;2;48;32;40m▀[49m▄[39m                     [0m
[49;39m                [38;2;48;32;40m▄▄[48;2;32;24;56m▀[38;2;104;80;200m▀[48;2;216;200;176;38;2;32;24;56m▀[48;2;104;80;200;38;2;104;168;248m▀[48;2;32;24;56;38;2;32;24;56m▀[48;2;104;80;200;38;2;104;168;248m▀[48;2;32;24;56;38;2;32;24;56m▀[48;2;216;200;176;38;2;104;80;200m▀[48;2;32;24;56;38;2;32;24;56m▀[38;2;48;32;40m▀[49m▄▄[39m                  [0m
[49;39m                [48;2;40;24;32;38;2;40;24;32m▀[48;2;32;24;56;38;2;176;144;88m▀[48;2;216;200;176;38;2;168;72;48m▀[48;2;32;24;56;38;2;32;24;56m▀[48;2;176;144;88;38;2;216;200;176m▀[48;2;216;200;176;38;2;232;232;248m▀[48;2;232;232;248;38;2;104;80;200m▀[38;2;32;24;56m▀[48;2;216;200;176;38;2;232;232;248m▀[48;2;176;144;88;38;2;216;200;176m▀[48;2;32;24;56;38;2;32;24;56m▀[48;2;216;200;176;38;2;168;72;48m▀[48;2;40;24;32;38;2;176;144;88m▀[49;38;2;40;24;32m▀[39m                  [0m
[49;39m              [38;2;48;32;40m▄[48;2;32;24;56m▀[38;2;104;80;200m▀[48;2;56;48;128;38;2;32;24;56m▀[48;2;32;24;56m▀▀[48;2;232;232;248m▀[48;2;32;24;56m▀[48;2;176;144;88;38;2;168;72;48m▀[48;2;232;232;248;38;2;176;144;88m▀[48;2;32;24;56;38;2;32;24;56m▀[48;2;232;232;248m▀[48;2;32;24;56m▀▀[49;38;2;48;32;40m▄[39m                   [0m
[49;39m              [48;2;40;24;32;38;2;40;24;32m▀[48;2;56;48;128;38;2;56;48;128m▀[48;2;32;24;56m▀▀[48;2;56;48;128m▀[38;2;32;24;56m▀[48;2;32;24;56;38;2;168;72;48m▀[48;2;168;72;48;38;2;216;200;176m▀[48;2;216;200;176m▀[38;2;232;232;248m▀[48;2;168;72;48;38;2;216;200;176m▀[48;2;32;24;56;38;2;168;72;48m▀[38;2;32;24;56m▀[38;2;56;48;128m▀[48;2;56;48;128m▀[48;2;40;24;32;38;2;40;24;32m▀[49;39m                  [0m
[49;39m              [48;2;48;32;40;38;2;40;24;32m▀[48;2;32;24;56;38;2;32;24;56m▀[48;2;232;232;248;38;2;176;144;88m▀[48;2;176;144;88m▀[48;2;168;72;48;38;2;32;24;56m▀[48;2;32;24;56;38;2;56;48;128m▀[48;2;56;48;128m▀[38;2;32;24;56m▀▀▀▀[38;2;56;48;128m▀▀[48;2;32;24;56m▀[48;2;48;32;40;38;2;40;24;32m▀[49;39m                   [0m
[49;39m              [48;2;48;32;40;38;2;48;32;40m▀[48;2;168;72;48;38;2;104;80;200m▀[48;2;216;200;176;38;2;232;232;248m▀[38;2;216;200;176m▀[48;2;32;24;56;38;2;168;72;48m▀▀[48;2;208;136;56;38;2;32;24;56m▀▀[48;2;232;232;248;38;2;56;48;128m▀▀▀[48;2;208;136;56;38;2;32;24;56m▀[48;2;32;24;56m▀[48;2;216;200;176;38;2;176;144;88m▀[48;2;40;24;32;38;2;48;32;40m▀[49;39m                   [0m
[49;39m              [48;2;40;24;32;38;2;48;32;40m▀[48;2;176;144;88;38;2;216;200;176m▀[48;2;168;72;48m▀[38;2;176;144;88m▀[48;2;32;24;56;38;2;32;24;56m▀▀[38;2;128;32;80m▀[38;2;208;136;56m▀▀[38;2;168;72;48m▀[38;2;32;24;56m▀[38;2;168;72;48m▀[38;2;32;24;56m▀[48;2;168;72;48;38;2;216;200;176m▀[48;2;208;136;56;38;2;168;72;48m▀[48;2;40;24;32;38;2;48;32;40m▀[49;39m                  [0m
[49;39m              [48;2;48;32;40;38;2;40;24;32m▀[48;2;32;24;56;38;2;168;72;48m▀[48;2;208;136;56;38;2;208;136;56m▀[48;2;168;72;48m▀[38;2;168;72;48m▀[48;2;208;136;56;38;2;32;24;56m▀▀[48;2;32;24;56;38;2;208;136;56m▀[48;2;168;72;48m▀[48;2;232;232;248;38;2;168;72;48m▀[48;2;208;136;56m▀[48;2;32;24;56;38;2;208;136;56m▀[48;2;128;32;80;38;2;32;24;56m▀[48;2;32;24;56m▀[38;2;168;72;48m▀[48;2;208;136;56m▀[48;2;48;32;40;38;2;48;32;40m▀[49;39m                 [0m
[49;39m               [48;2;40;24;32;38;2;40;24;32m▀[48;2;32;24;56;38;2;32;24;56m▀[38;2;168;72;48m▀[48;2;168;72;48;38;2;208;136;56m▀▀[48;2;32;24;56;38;2;168;72;48m▀[48;2;128;32;80;38;2;208;136;56m▀[48;2;32;24;56;38;2;32;24;56m▀[38;2;208;136;56m▀[38;2;32;24;56m▀[48;2;104;80;200;38;2;128;32;80m▀[48;2;128;32;80m▀[48;2;32;24;56;38;2;32;24;56m▀[48;2;168;72;48;38;2;208;136;56m▀[48;2;32;24;56m▀[48;2;40;24;32;38;2;48;32;40m▀[49;39m                 [0m
[49;39m               [48;2;40;24;32;38;2;40;24;32m▀[48;2;56;48;128;38;2;32;24;56m▀[48;2;32;24;56m▀▀▀[48;2;128;32;80;38;2;104;80;200m▀[48;2;104;80;200;38;2;128;32;80m▀[48;2;128;32;80m▀[48;2;32;24;56;38;2;32;24;56m▀[48;2;128;32;80;38;2;128;32;80m▀[48;2;104;80;200;38;2;104;80;200m▀[48;2;32;24;56;38;2;128;32;80m▀[38;2;32;24;56m▀[48;2;56;48;128;38;2;40;24;32m▀[48;2;40;24;32m▀[49;39m                  [0m
[49;39m              [38;2;48;32;40m▄[48;2;56;48;128m▀[38;2;56;48;128m▀[48;2;32;24;56;38;2;32;24;56m▀▀[48;2;128;32;80m▀[38;2;104;80;200m▀[48;2;104;80;200m▀[48;2;32;24;56;38;2;128;32;80m▀[38;2;32;24;56m▀[38;2;128;32;80m▀[48;2;104;80;200m▀[48;2;128;32;80;38;2;32;24;56m▀[48;2;32;24;56m▀[48;2;56;48;128;38;2;56;48;128m▀[38;2;48;32;40m▀[49m▄[39m                 [0m
[49;39m              [48;2;48;32;40;38;2;48;32;40m▀[48;2;56;48;128;38;2;56;48;128m▀▀[48;2;32;24;56;38;2;32;24;56m▀▀[48;2;128;32;80;38;2;128;32;80m▀[48;2;104;80;200;38;2;104;80;200m▀[48;2;128;32;80;38;2;128;32;80m▀[48;2;32;24;56;38;2;32;24;56m▀▀[38;2;128;32;80m▀[48;2;128;32;80;38;2;104;80;200m▀[38;2;128;32;80m▀[48;2;32;24;56;38;2;32;24;56m▀▀[48;2;56;48;128;38;2;56;48;128m▀[48;2;40;24;32;38;2;40;24;32m▀[49;39m                 [0m
[49;39m              [48;2;48;32;40;38;2;48;32;40m▀[48;2;56;48;128;38;2;56;48;128m▀▀[48;2;32;24;56;38;2;32;24;56m▀[48;2;168;72;48;38;2;168;72;48m▀[48;2;208;136;56;38;2;128;32;80m▀▀[48;2;168;72;48m▀[48;2;32;24;56;38;2;32;24;56m▀▀[38;2;168;72;48m▀[48;2;168;72;48;38;2;208;136;56m▀▀[38;2;32;24;56m▀[48;2;40;24;32m▀[38;2;56;48;128m▀▀[49;38;2;40;24;32m▀[39m                [0m
[49;39m              [38;2;48;32;40m▀[48;2;40;24;32;38;2;56;48;128m▀[38;2;40;24;32m▀[48;2;168;72;48m▀[48;2;208;136;56;38;2;168;72;48m▀▀[48;2;168;72;48m▀[48;2;128;32;80;38;2;32;24;56m▀[48;2;40;24;32m▀[38;2;40;24;32m▀[48;2;32;24;56;38;2;128;32;80m▀[38;2;168;72;48m▀[38;2;208;136;56m▀▀[38;2;168;72;48m▀[48;2;40;24;32;38;2;40;24;32m▀[49;38;2;48;32;40m▄[39m                 [0m
[49;39m              [38;2;48;32;40m▄[48;2;40;24;32;38;2;40;24;32m▀▀[48;2;168;72;48;38;2;168;72;48m▀[38;2;208;136;56m▀[38;2;232;232;248m▀[48;2;32;24;56;38;2;168;72;48m▀[48;2;40;24;32;38;2;32;24;56m▀[38;2;40;24;32m▀▀[48;2;48;32;40m▀▀[49m▀[38;2;48;32;40m▀▀▀[39m                  [0m

